 -8.94963202e-01  0.00000000e+00  0.00000000e+00
 -8.93963835e-01  1.32536699e-06  1.32536699e-06
 -8.92964468e-01  0.00000000e+00  1.32536699e-06
 -8.91965102e-01  0.00000000e+00  1.32536699e-06
 -8.90965735e-01  0.00000000e+00  1.32536699e-06
 -8.89966369e-01  0.00000000e+00  1.32536699e-06
 -8.88967002e-01  0.00000000e+00  1.32536699e-06
 -8.87967635e-01  0.00000000e+00  1.32536699e-06
 -8.86968269e-01  0.00000000e+00  1.32536699e-06
 -8.85968902e-01  0.00000000e+00  1.32536699e-06
 -8.84969535e-01  0.00000000e+00  1.32536699e-06
 -8.83970169e-01  0.00000000e+00  1.32536699e-06
 -8.82970802e-01  1.32536699e-06  2.65073399e-06
 -8.81971436e-01  0.00000000e+00  2.65073399e-06
 -8.80972069e-01  0.00000000e+00  2.65073399e-06
 -8.79972702e-01  0.00000000e+00  2.65073399e-06
 -8.78973336e-01  0.00000000e+00  2.65073399e-06
 -8.77973969e-01  0.00000000e+00  2.65073399e-06
 -8.76974602e-01  0.00000000e+00  2.65073399e-06
 -8.75975236e-01  0.00000000e+00  2.65073399e-06
 -8.74975869e-01  0.00000000e+00  2.65073399e-06
 -8.73976503e-01  0.00000000e+00  2.65073399e-06
 -8.72977136e-01  0.00000000e+00  2.65073399e-06
 -8.71977769e-01  0.00000000e+00  2.65073399e-06
 -8.70978403e-01  0.00000000e+00  2.65073399e-06
 -8.69979036e-01  0.00000000e+00  2.65073399e-06
 -8.68979669e-01  0.00000000e+00  2.65073399e-06
 -8.67980303e-01  0.00000000e+00  2.65073399e-06
 -8.66980936e-01  0.00000000e+00  2.65073399e-06
 -8.65981570e-01  0.00000000e+00  2.65073399e-06
 -8.64982203e-01  0.00000000e+00  2.65073399e-06
 -8.63982836e-01  0.00000000e+00  2.65073399e-06
 -8.62983470e-01  0.00000000e+00  2.65073399e-06
 -8.61984103e-01  0.00000000e+00  2.65073399e-06
 -8.60984736e-01  0.00000000e+00  2.65073399e-06
 -8.59985370e-01  0.00000000e+00  2.65073399e-06
 -8.58986003e-01  1.32536699e-06  3.97610098e-06
 -8.57986637e-01  1.32536699e-06  5.30146798e-06
 -8.56987270e-01  0.00000000e+00  5.30146798e-06
 -8.55987903e-01  0.00000000e+00  5.30146798e-06
 -8.54988537e-01  0.00000000e+00  5.30146798e-06
 -8.53989170e-01  0.00000000e+00  5.30146798e-06
 -8.52989803e-01  0.00000000e+00  5.30146798e-06
 -8.51990437e-01  0.00000000e+00  5.30146798e-06
 -8.50991070e-01  0.00000000e+00  5.30146798e-06
 -8.49991704e-01  0.00000000e+00  5.30146798e-06
 -8.48992337e-01  0.00000000e+00  5.30146798e-06
 -8.47992970e-01  0.00000000e+00  5.30146798e-06
 -8.46993604e-01  0.00000000e+00  5.30146798e-06
 -8.45994237e-01  1.32536699e-06  6.62683497e-06
 -8.44994871e-01  1.32536699e-06  7.95220196e-06
 -8.43995504e-01  0.00000000e+00  7.95220196e-06
 -8.42996137e-01  0.00000000e+00  7.95220196e-06
 -8.41996771e-01  0.00000000e+00  7.95220196e-06
 -8.40997404e-01  0.00000000e+00  7.95220196e-06
 -8.39998037e-01  0.00000000e+00  7.95220196e-06
 -8.38998671e-01  0.00000000e+00  7.95220196e-06
 -8.37999304e-01  0.00000000e+00  7.95220196e-06
 -8.36999938e-01  0.00000000e+00  7.95220196e-06
 -8.36000571e-01  0.00000000e+00  7.95220196e-06
 -8.35001204e-01  0.00000000e+00  7.95220196e-06
 -8.34001838e-01  0.00000000e+00  7.95220196e-06
 -8.33002471e-01  0.00000000e+00  7.95220196e-06
 -8.32003104e-01  0.00000000e+00  7.95220196e-06
 -8.31003738e-01  1.32536699e-06  9.27756896e-06
 -8.30004371e-01  0.00000000e+00  9.27756896e-06
 -8.29005005e-01  0.00000000e+00  9.27756896e-06
 -8.28005638e-01  1.32536699e-06  1.06029360e-05
 -8.27006271e-01  1.32536699e-06  1.19283029e-05
 -8.26006905e-01  0.00000000e+00  1.19283029e-05
 -8.25007538e-01  0.00000000e+00  1.19283029e-05
 -8.24008171e-01  0.00000000e+00  1.19283029e-05
 -8.23008805e-01  0.00000000e+00  1.19283029e-05
 -8.22009438e-01  0.00000000e+00  1.19283029e-05
 -8.21010072e-01  0.00000000e+00  1.19283029e-05
 -8.20010705e-01  0.00000000e+00  1.19283029e-05
 -8.19011338e-01  1.32536699e-06  1.32536699e-05
 -8.18011972e-01  0.00000000e+00  1.32536699e-05
 -8.17012605e-01  1.32536699e-06  1.45790369e-05
 -8.16013238e-01  1.32536699e-06  1.59044039e-05
 -8.15013872e-01  0.00000000e+00  1.59044039e-05
 -8.14014505e-01  0.00000000e+00  1.59044039e-05
 -8.13015139e-01  0.00000000e+00  1.59044039e-05
 -8.12015772e-01  1.32536699e-06  1.72297709e-05
 -8.11016405e-01  1.32536699e-06  1.85551379e-05
 -8.10017039e-01  1.32536699e-06  1.98805049e-05
 -8.09017672e-01  0.00000000e+00  1.98805049e-05
 -8.08018305e-01  0.00000000e+00  1.98805049e-05
 -8.07018939e-01  0.00000000e+00  1.98805049e-05
 -8.06019572e-01  0.00000000e+00  1.98805049e-05
 -8.05020206e-01  0.00000000e+00  1.98805049e-05
 -8.04020839e-01  0.00000000e+00  1.98805049e-05
 -8.03021472e-01  1.32536699e-06  2.12058719e-05
 -8.02022106e-01  0.00000000e+00  2.12058719e-05
 -8.01022739e-01  0.00000000e+00  2.12058719e-05
 -8.00023372e-01  0.00000000e+00  2.12058719e-05
 -7.99024006e-01  1.32536699e-06  2.25312389e-05
 -7.98024639e-01  0.00000000e+00  2.25312389e-05
 -7.97025273e-01  0.00000000e+00  2.25312389e-05
 -7.96025906e-01  0.00000000e+00  2.25312389e-05
 -7.95026539e-01  0.00000000e+00  2.25312389e-05
 -7.94027173e-01  1.32536699e-06  2.38566059e-05
 -7.93027806e-01  0.00000000e+00  2.38566059e-05
 -7.92028439e-01  1.32536699e-06  2.51819729e-05
 -7.91029073e-01  0.00000000e+00  2.51819729e-05
 -7.90029706e-01  0.00000000e+00  2.51819729e-05
 -7.89030340e-01  0.00000000e+00  2.51819729e-05
 -7.88030973e-01  0.00000000e+00  2.51819729e-05
 -7.87031606e-01  1.32536699e-06  2.65073399e-05
 -7.86032240e-01  1.32536699e-06  2.78327069e-05
 -7.85032873e-01  2.65073399e-06  3.04834409e-05
 -7.84033506e-01  2.65073399e-06  3.31341749e-05
 -7.83034140e-01  0.00000000e+00  3.31341749e-05
 -7.82034773e-01  0.00000000e+00  3.31341749e-05
 -7.81035407e-01  0.00000000e+00  3.31341749e-05
 -7.80036040e-01  0.00000000e+00  3.31341749e-05
 -7.79036673e-01  0.00000000e+00  3.31341749e-05
 -7.78037307e-01  1.32536699e-06  3.44595418e-05
 -7.77037940e-01  0.00000000e+00  3.44595418e-05
 -7.76038573e-01  0.00000000e+00  3.44595418e-05
 -7.75039207e-01  0.00000000e+00  3.44595418e-05
 -7.74039840e-01  0.00000000e+00  3.44595418e-05
 -7.73040474e-01  1.32536699e-06  3.57849088e-05
 -7.72041107e-01  0.00000000e+00  3.57849088e-05
 -7.71041740e-01  1.32536699e-06  3.71102758e-05
 -7.70042374e-01  2.65073399e-06  3.97610098e-05
 -7.69043007e-01  2.65073399e-06  4.24117438e-05
 -7.68043640e-01  0.00000000e+00  4.24117438e-05
 -7.67044274e-01  1.32536699e-06  4.37371108e-05
 -7.66044907e-01  0.00000000e+00  4.37371108e-05
 -7.65045541e-01  1.32536699e-06  4.50624778e-05
 -7.64046174e-01  0.00000000e+00  4.50624778e-05
 -7.63046807e-01  1.32536699e-06  4.63878448e-05
 -7.62047441e-01  0.00000000e+00  4.63878448e-05
 -7.61048074e-01  1.32536699e-06  4.77132118e-05
 -7.60048708e-01  0.00000000e+00  4.77132118e-05
 -7.59049341e-01  0.00000000e+00  4.77132118e-05
 -7.58049974e-01  1.32536699e-06  4.90385788e-05
 -7.57050608e-01  0.00000000e+00  4.90385788e-05
 -7.56051241e-01  0.00000000e+00  4.90385788e-05
 -7.55051874e-01  1.32536699e-06  5.03639458e-05
 -7.54052508e-01  0.00000000e+00  5.03639458e-05
 -7.53053141e-01  1.32536699e-06  5.16893128e-05
 -7.52053775e-01  1.32536699e-06  5.30146798e-05
 -7.51054408e-01  1.32536699e-06  5.43400468e-05
 -7.50055041e-01  3.97610098e-06  5.83161477e-05
 -7.49055675e-01  0.00000000e+00  5.83161477e-05
 -7.48056308e-01  0.00000000e+00  5.83161477e-05
 -7.47056941e-01  2.65073399e-06  6.09668817e-05
 -7.46057575e-01  0.00000000e+00  6.09668817e-05
 -7.45058208e-01  0.00000000e+00  6.09668817e-05
 -7.44058842e-01  0.00000000e+00  6.09668817e-05
 -7.43059475e-01  0.00000000e+00  6.09668817e-05
 -7.42060108e-01  0.00000000e+00  6.09668817e-05
 -7.41060742e-01  0.00000000e+00  6.09668817e-05
 -7.40061375e-01  0.00000000e+00  6.09668817e-05
 -7.39062008e-01  1.32536699e-06  6.22922487e-05
 -7.38062642e-01  1.32536699e-06  6.36176157e-05
 -7.37063275e-01  3.97610098e-06  6.75937167e-05
 -7.36063909e-01  2.65073399e-06  7.02444507e-05
 -7.35064542e-01  5.30146798e-06  7.55459187e-05
 -7.34065175e-01  0.00000000e+00  7.55459187e-05
 -7.33065809e-01  1.32536699e-06  7.68712857e-05
 -7.32066442e-01  1.32536699e-06  7.81966527e-05
 -7.31067075e-01  1.32536699e-06  7.95220196e-05
 -7.30067709e-01  2.65073399e-06  8.21727536e-05
 -7.29068342e-01  3.97610098e-06  8.61488546e-05
 -7.28068976e-01  0.00000000e+00  8.61488546e-05
 -7.27069609e-01  2.65073399e-06  8.87995886e-05
 -7.26070242e-01  0.00000000e+00  8.87995886e-05
 -7.25070876e-01  2.65073399e-06  9.14503226e-05
 -7.24071509e-01  0.00000000e+00  9.14503226e-05
 -7.23072142e-01  1.32536699e-06  9.27756896e-05
 -7.22072776e-01  1.32536699e-06  9.41010566e-05
 -7.21073409e-01  1.32536699e-06  9.54264236e-05
 -7.20074043e-01  0.00000000e+00  9.54264236e-05
 -7.19074676e-01  1.32536699e-06  9.67517906e-05
 -7.18075309e-01  2.65073399e-06  9.94025246e-05
 -7.17075943e-01  3.97610098e-06  1.03378626e-04
 -7.16076576e-01  0.00000000e+00  1.03378626e-04
 -7.15077209e-01  1.32536699e-06  1.04703993e-04
 -7.14077843e-01  3.97610098e-06  1.08680094e-04
 -7.13078476e-01  1.32536699e-06  1.10005461e-04
 -7.12079110e-01  1.32536699e-06  1.11330828e-04
 -7.11079743e-01  0.00000000e+00  1.11330828e-04
 -7.10080376e-01  3.97610098e-06  1.15306928e-04
 -7.09081010e-01  0.00000000e+00  1.15306928e-04
 -7.08081643e-01  1.32536699e-06  1.16632295e-04
 -7.07082276e-01  2.65073399e-06  1.19283029e-04
 -7.06082910e-01  2.65073399e-06  1.21933763e-04
 -7.05083543e-01  2.65073399e-06  1.24584497e-04
 -7.04084177e-01  3.97610098e-06  1.28560598e-04
 -7.03084810e-01  2.65073399e-06  1.31211332e-04
 -7.02085443e-01  0.00000000e+00  1.31211332e-04
 -7.01086077e-01  1.32536699e-06  1.32536699e-04
 -7.00086710e-01  1.32536699e-06  1.33862066e-04
 -6.99087343e-01  1.32536699e-06  1.35187433e-04
 -6.98087977e-01  3.97610098e-06  1.39163534e-04
 -6.97088610e-01  2.65073399e-06  1.41814268e-04
 -6.96089244e-01  0.00000000e+00  1.41814268e-04
 -6.95089877e-01  2.65073399e-06  1.44465002e-04
 -6.94090510e-01  3.97610098e-06  1.48441103e-04
 -6.93091144e-01  2.65073399e-06  1.51091837e-04
 -6.92091777e-01  2.65073399e-06  1.53742571e-04
 -6.91092410e-01  1.32536699e-06  1.55067938e-04
 -6.90093044e-01  2.65073399e-06  1.57718672e-04
 -6.89093677e-01  5.30146798e-06  1.63020140e-04
 -6.88094311e-01  3.97610098e-06  1.66996241e-04
 -6.87094944e-01  1.32536699e-06  1.68321608e-04
 -6.86095577e-01  0.00000000e+00  1.68321608e-04
 -6.85096211e-01  5.30146798e-06  1.73623076e-04
 -6.84096844e-01  5.30146798e-06  1.78924544e-04
 -6.83097477e-01  0.00000000e+00  1.78924544e-04
 -6.82098111e-01  1.32536699e-06  1.80249911e-04
 -6.81098744e-01  2.65073399e-06  1.82900645e-04
 -6.80099378e-01  5.30146798e-06  1.88202113e-04
 -6.79100011e-01  2.65073399e-06  1.90852847e-04
 -6.78100644e-01  0.00000000e+00  1.90852847e-04
 -6.77101278e-01  2.65073399e-06  1.93503581e-04
 -6.76101911e-01  2.65073399e-06  1.96154315e-04
 -6.75102545e-01  1.32536699e-06  1.97479682e-04
 -6.74103178e-01  2.65073399e-06  2.00130416e-04
 -6.73103811e-01  5.30146798e-06  2.05431884e-04
 -6.72104445e-01  2.65073399e-06  2.08082618e-04
 -6.71105078e-01  3.97610098e-06  2.12058719e-04
 -6.70105711e-01  2.65073399e-06  2.14709453e-04
 -6.69106345e-01  1.32536699e-06  2.16034820e-04
 -6.68106978e-01  5.30146798e-06  2.21336288e-04
 -6.67107612e-01  1.32536699e-06  2.22661655e-04
 -6.66108245e-01  2.65073399e-06  2.25312389e-04
 -6.65108878e-01  2.65073399e-06  2.27963123e-04
 -6.64109512e-01  2.65073399e-06  2.30613857e-04
 -6.63110145e-01  5.30146798e-06  2.35915325e-04
 -6.62110778e-01  7.95220196e-06  2.43867527e-04
 -6.61111412e-01  1.32536699e-06  2.45192894e-04
 -6.60112045e-01  1.32536699e-06  2.46518261e-04
 -6.59112679e-01  7.95220196e-06  2.54470463e-04
 -6.58113312e-01  3.97610098e-06  2.58446564e-04
 -6.57113945e-01  3.97610098e-06  2.62422665e-04
 -6.56114579e-01  3.97610098e-06  2.66398766e-04
 -6.55115212e-01  2.65073399e-06  2.69049500e-04
 -6.54115845e-01  5.30146798e-06  2.74350968e-04
 -6.53116479e-01  2.65073399e-06  2.77001702e-04
 -6.52117112e-01  3.97610098e-06  2.80977803e-04
 -6.51117746e-01  2.65073399e-06  2.83628537e-04
 -6.50118379e-01  9.27756896e-06  2.92906106e-04
 -6.49119012e-01  2.65073399e-06  2.95556840e-04
 -6.48119646e-01  1.32536699e-06  2.96882207e-04
 -6.47120279e-01  5.30146798e-06  3.02183675e-04
 -6.46120912e-01  3.97610098e-06  3.06159776e-04
 -6.45121546e-01  5.30146798e-06  3.11461244e-04
 -6.44122179e-01  2.65073399e-06  3.14111978e-04
 -6.43122813e-01  5.30146798e-06  3.19413446e-04
 -6.42123446e-01  0.00000000e+00  3.19413446e-04
 -6.41124079e-01  9.27756896e-06  3.28691015e-04
 -6.40124713e-01  2.65073399e-06  3.31341749e-04
 -6.39125346e-01  9.27756896e-06  3.40619317e-04
 -6.38125979e-01  3.97610098e-06  3.44595418e-04
 -6.37126613e-01  3.97610098e-06  3.48571519e-04
 -6.36127246e-01  7.95220196e-06  3.56523721e-04
 -6.35127880e-01  3.97610098e-06  3.60499822e-04
 -6.34128513e-01  3.97610098e-06  3.64475923e-04
 -6.33129146e-01  5.30146798e-06  3.69777391e-04
 -6.32129780e-01  2.65073399e-06  3.72428125e-04
 -6.31130413e-01  3.97610098e-06  3.76404226e-04
 -6.30131046e-01  2.65073399e-06  3.79054960e-04
 -6.29131680e-01  7.95220196e-06  3.87007162e-04
 -6.28132313e-01  3.97610098e-06  3.90983263e-04
 -6.27132947e-01  2.65073399e-06  3.93633997e-04
 -6.26133580e-01  5.30146798e-06  3.98935465e-04
 -6.25134213e-01  6.62683497e-06  4.05562300e-04
 -6.24134847e-01  3.97610098e-06  4.09538401e-04
 -6.23135480e-01  6.62683497e-06  4.16165236e-04
 -6.22136113e-01  1.72297709e-05  4.33395007e-04
 -6.21136747e-01  5.30146798e-06  4.38696475e-04
 -6.20137380e-01  7.95220196e-06  4.46648677e-04
 -6.19138014e-01  5.30146798e-06  4.51950145e-04
 -6.18138647e-01  3.97610098e-06  4.55926246e-04
 -6.17139280e-01  5.30146798e-06  4.61227714e-04
 -6.16139914e-01  7.95220196e-06  4.69179916e-04
 -6.15140547e-01  5.30146798e-06  4.74481384e-04
 -6.14141180e-01  5.30146798e-06  4.79782852e-04
 -6.13141814e-01  1.06029360e-05  4.90385788e-04
 -6.12142447e-01  9.27756896e-06  4.99663357e-04
 -6.11143081e-01  1.45790369e-05  5.14242394e-04
 -6.10143714e-01  6.62683497e-06  5.20869229e-04
 -6.09144347e-01  5.30146798e-06  5.26170697e-04
 -6.08144981e-01  2.65073399e-06  5.28821431e-04
 -6.07145614e-01  6.62683497e-06  5.35448266e-04
 -6.06146247e-01  7.95220196e-06  5.43400468e-04
 -6.05146881e-01  5.30146798e-06  5.48701936e-04
 -6.04147514e-01  6.62683497e-06  5.55328771e-04
 -6.03148148e-01  5.30146798e-06  5.60630239e-04
 -6.02148781e-01  9.27756896e-06  5.69907807e-04
 -6.01149414e-01  9.27756896e-06  5.79185376e-04
 -6.00150048e-01  1.32536699e-05  5.92439046e-04
 -5.99150681e-01  6.62683497e-06  5.99065881e-04
 -5.98151314e-01  9.27756896e-06  6.08343450e-04
 -5.97151948e-01  5.30146798e-06  6.13644918e-04
 -5.96152581e-01  5.30146798e-06  6.18946386e-04
 -5.95153215e-01  1.06029360e-05  6.29549322e-04
 -5.94153848e-01  1.19283029e-05  6.41477625e-04
 -5.93154481e-01  7.95220196e-06  6.49429827e-04
 -5.92155115e-01  2.65073399e-06  6.52080561e-04
 -5.91155748e-01  1.45790369e-05  6.66659598e-04
 -5.90156381e-01  3.97610098e-06  6.70635699e-04
 -5.89157015e-01  7.95220196e-06  6.78587901e-04
 -5.88157648e-01  1.06029360e-05  6.89190837e-04
 -5.87158282e-01  9.27756896e-06  6.98468406e-04
 -5.86158915e-01  1.59044039e-05  7.14372810e-04
 -5.85159548e-01  2.65073399e-06  7.17023544e-04
 -5.84160182e-01  9.27756896e-06  7.26301113e-04
 -5.83160815e-01  3.97610098e-06  7.30277214e-04
 -5.82161449e-01  9.27756896e-06  7.39554783e-04
 -5.81162082e-01  1.85551379e-05  7.58109921e-04
 -5.80162715e-01  1.19283029e-05  7.70038224e-04
 -5.79163349e-01  7.95220196e-06  7.77990426e-04
 -5.78163982e-01  1.45790369e-05  7.92569462e-04
 -5.77164615e-01  1.06029360e-05  8.03172398e-04
 -5.76165249e-01  1.06029360e-05  8.13775334e-04
 -5.75165882e-01  7.95220196e-06  8.21727536e-04
 -5.74166516e-01  7.95220196e-06  8.29679738e-04
 -5.73167149e-01  1.45790369e-05  8.44258775e-04
 -5.72167782e-01  5.30146798e-06  8.49560243e-04
 -5.71168416e-01  6.62683497e-06  8.56187078e-04
 -5.70169049e-01  1.06029360e-05  8.66790014e-04
 -5.69169682e-01  7.95220196e-06  8.74742216e-04
 -5.68170316e-01  1.45790369e-05  8.89321253e-04
 -5.67170949e-01  9.27756896e-06  8.98598822e-04
 -5.66171583e-01  1.19283029e-05  9.10527125e-04
 -5.65172216e-01  1.32536699e-05  9.23780795e-04
 -5.64172849e-01  1.72297709e-05  9.41010566e-04
 -5.63173483e-01  9.27756896e-06  9.50288135e-04
 -5.62174116e-01  7.95220196e-06  9.58240337e-04
 -5.61174749e-01  1.59044039e-05  9.74144741e-04
 -5.60175383e-01  9.27756896e-06  9.83422310e-04
 -5.59176016e-01  1.72297709e-05  1.00065208e-03
 -5.58176650e-01  1.19283029e-05  1.01258038e-03
 -5.57177283e-01  7.95220196e-06  1.02053259e-03
 -5.56177916e-01  1.85551379e-05  1.03908772e-03
 -5.55178550e-01  1.19283029e-05  1.05101603e-03
 -5.54179183e-01  1.85551379e-05  1.06957116e-03
 -5.53179816e-01  1.59044039e-05  1.08547557e-03
 -5.52180450e-01  1.85551379e-05  1.10403071e-03
 -5.51181083e-01  1.32536699e-05  1.11728438e-03
 -5.50181717e-01  1.98805049e-05  1.13716488e-03
 -5.49182350e-01  1.45790369e-05  1.15174392e-03
 -5.48182983e-01  1.32536699e-05  1.16499759e-03
 -5.47183617e-01  1.32536699e-05  1.17825126e-03
 -5.46184250e-01  1.06029360e-05  1.18885419e-03
 -5.45184883e-01  1.19283029e-05  1.20078250e-03
 -5.44185517e-01  1.45790369e-05  1.21536153e-03
 -5.43186150e-01  2.12058719e-05  1.23656741e-03
 -5.42186784e-01  2.12058719e-05  1.25777328e-03
 -5.41187417e-01  2.51819729e-05  1.28295525e-03
 -5.40188050e-01  1.59044039e-05  1.29885965e-03
 -5.39188684e-01  1.06029360e-05  1.30946259e-03
 -5.38189317e-01  2.12058719e-05  1.33066846e-03
 -5.37189950e-01  1.45790369e-05  1.34524750e-03
 -5.36190584e-01  9.27756896e-06  1.35452507e-03
 -5.35191217e-01  1.45790369e-05  1.36910410e-03
 -5.34191851e-01  2.78327069e-05  1.39693681e-03
 -5.33192484e-01  2.38566059e-05  1.42079342e-03
 -5.32193117e-01  1.98805049e-05  1.44067392e-03
 -5.31193751e-01  2.38566059e-05  1.46453053e-03
 -5.30194384e-01  1.98805049e-05  1.48441103e-03
 -5.29195017e-01  1.98805049e-05  1.50429154e-03
 -5.28195651e-01  1.19283029e-05  1.51621984e-03
 -5.27196284e-01  2.12058719e-05  1.53742571e-03
 -5.26196918e-01  2.51819729e-05  1.56260769e-03
 -5.25197551e-01  2.51819729e-05  1.58778966e-03
 -5.24198184e-01  1.59044039e-05  1.60369406e-03
 -5.23198818e-01  3.44595418e-05  1.63815360e-03
 -5.22199451e-01  1.59044039e-05  1.65405801e-03
 -5.21200084e-01  2.51819729e-05  1.67923998e-03
 -5.20200718e-01  2.25312389e-05  1.70177122e-03
 -5.19201351e-01  3.31341749e-05  1.73490540e-03
 -5.18201985e-01  2.12058719e-05  1.75611127e-03
 -5.17202618e-01  1.72297709e-05  1.77334104e-03
 -5.16203251e-01  2.38566059e-05  1.79719764e-03
 -5.15203885e-01  2.78327069e-05  1.82503035e-03
 -5.14204518e-01  2.51819729e-05  1.85021232e-03
 -5.13205151e-01  2.38566059e-05  1.87406893e-03
 -5.12205785e-01  2.91580739e-05  1.90322700e-03
 -5.11206418e-01  3.04834409e-05  1.93371044e-03
 -5.10207052e-01  1.85551379e-05  1.95226558e-03
 -5.09207685e-01  2.12058719e-05  1.97347145e-03
 -5.08208318e-01  3.71102758e-05  2.01058173e-03
 -5.07208952e-01  1.98805049e-05  2.03046223e-03
 -5.06209585e-01  2.91580739e-05  2.05962031e-03
 -5.05210218e-01  2.12058719e-05  2.08082618e-03
 -5.04210852e-01  1.85551379e-05  2.09938132e-03
 -5.03211485e-01  2.65073399e-05  2.12588866e-03
 -5.02212119e-01  3.31341749e-05  2.15902283e-03
 -5.01212752e-01  3.71102758e-05  2.19613311e-03
 -5.00213385e-01  3.97610098e-05  2.23589412e-03
 -4.99214019e-01  2.12058719e-05  2.25709999e-03
 -4.98214652e-01  2.78327069e-05  2.28493270e-03
 -4.97215286e-01  2.51819729e-05  2.31011467e-03
 -4.96215919e-01  2.25312389e-05  2.33264591e-03
 -4.95216552e-01  4.90385788e-05  2.38168449e-03
 -4.94217186e-01  4.10863768e-05  2.42277087e-03
 -4.93217819e-01  3.18088079e-05  2.45457967e-03
 -4.92218452e-01  3.18088079e-05  2.48638848e-03
 -4.91219086e-01  3.57849088e-05  2.52217339e-03
 -4.90219719e-01  2.91580739e-05  2.55133146e-03
 -4.89220353e-01  3.18088079e-05  2.58314027e-03
 -4.88220986e-01  3.18088079e-05  2.61494908e-03
 -4.87221619e-01  3.04834409e-05  2.64543252e-03
 -4.86222253e-01  3.71102758e-05  2.68254280e-03
 -4.85222886e-01  3.71102758e-05  2.71965307e-03
 -4.84223519e-01  4.10863768e-05  2.76073945e-03
 -4.83224153e-01  5.30146798e-05  2.81375413e-03
 -4.82224786e-01  3.57849088e-05  2.84953904e-03
 -4.81225420e-01  3.84356428e-05  2.88797468e-03
 -4.80226053e-01  4.63878448e-05  2.93436252e-03
 -4.79226686e-01  6.22922487e-05  2.99665477e-03
 -4.78227320e-01  3.84356428e-05  3.03509042e-03
 -4.77227953e-01  4.10863768e-05  3.07617679e-03
 -4.76228586e-01  2.91580739e-05  3.10533487e-03
 -4.75229220e-01  5.30146798e-05  3.15834955e-03
 -4.74229853e-01  5.30146798e-05  3.21136423e-03
 -4.73230487e-01  4.24117438e-05  3.25377597e-03
 -4.72231120e-01  3.71102758e-05  3.29088625e-03
 -4.71231753e-01  5.30146798e-05  3.34390093e-03
 -4.70232387e-01  5.96415147e-05  3.40354244e-03
 -4.69233020e-01  3.71102758e-05  3.44065272e-03
 -4.68233653e-01  3.97610098e-05  3.48041373e-03
 -4.67234287e-01  3.97610098e-05  3.52017474e-03
 -4.66234920e-01  5.16893128e-05  3.57186405e-03
 -4.65235554e-01  4.37371108e-05  3.61560116e-03
 -4.64236187e-01  6.09668817e-05  3.67656804e-03
 -4.63236820e-01  6.22922487e-05  3.73886029e-03
 -4.62237454e-01  6.89190837e-05  3.80777937e-03
 -4.61238087e-01  5.16893128e-05  3.85946869e-03
 -4.60238720e-01  5.03639458e-05  3.90983263e-03
 -4.59239354e-01  5.69907807e-05  3.96682341e-03
 -4.58239987e-01  6.09668817e-05  4.02779030e-03
 -4.57240621e-01  5.56654138e-05  4.08345571e-03
 -4.56241254e-01  6.09668817e-05  4.14442259e-03
 -4.55241887e-01  7.02444507e-05  4.21466704e-03
 -4.54242521e-01  4.77132118e-05  4.26238025e-03
 -4.53243154e-01  6.89190837e-05  4.33129934e-03
 -4.52243787e-01  7.15698177e-05  4.40286915e-03
 -4.51244421e-01  6.22922487e-05  4.46516140e-03
 -4.50245054e-01  8.34981206e-05  4.54865952e-03
 -4.49245688e-01  8.21727536e-05  4.63083228e-03
 -4.48246321e-01  7.02444507e-05  4.70107673e-03
 -4.47246954e-01  5.96415147e-05  4.76071824e-03
 -4.46247588e-01  5.30146798e-05  4.81373292e-03
 -4.45248221e-01  6.49429827e-05  4.87867591e-03
 -4.44248854e-01  8.08473866e-05  4.95952329e-03
 -4.43249488e-01  7.02444507e-05  5.02976774e-03
 -4.42250121e-01  6.75937167e-05  5.09736146e-03
 -4.41250755e-01  7.81966527e-05  5.17555811e-03
 -4.40251388e-01  8.48234876e-05  5.26038160e-03
 -4.39252021e-01  7.55459187e-05  5.33592752e-03
 -4.38252655e-01  7.68712857e-05  5.41279880e-03
 -4.37253288e-01  1.03378626e-04  5.51617743e-03
 -4.36253921e-01  7.81966527e-05  5.59437408e-03
 -4.35254555e-01  8.74742216e-05  5.68184830e-03
 -4.34255188e-01  8.21727536e-05  5.76402106e-03
 -4.33255822e-01  8.48234876e-05  5.84884455e-03
 -4.32256455e-01  7.68712857e-05  5.92571583e-03
 -4.31257088e-01  8.34981206e-05  6.00921395e-03
 -4.30257722e-01  1.06029360e-04  6.11524331e-03
 -4.29258355e-01  7.42205517e-05  6.18946386e-03
 -4.28258988e-01  9.41010566e-05  6.28356492e-03
 -4.27259622e-01  1.16632295e-04  6.40019721e-03
 -4.26260255e-01  9.41010566e-05  6.49429827e-03
 -4.25260889e-01  9.67517906e-05  6.59105006e-03
 -4.24261522e-01  9.41010566e-05  6.68515112e-03
 -4.23262155e-01  1.00727892e-04  6.78587901e-03
 -4.22262789e-01  1.00727892e-04  6.88660690e-03
 -4.21263422e-01  9.94025246e-05  6.98600943e-03
 -4.20264055e-01  1.17957662e-04  7.10396709e-03
 -4.19264689e-01  1.21933763e-04  7.22590085e-03
 -4.18265322e-01  1.08680094e-04  7.33458095e-03
 -4.17265956e-01  1.11330828e-04  7.44591177e-03
 -4.16266589e-01  1.12656195e-04  7.55856797e-03
 -4.15267222e-01  1.37838167e-04  7.69640613e-03
 -4.14267856e-01  1.17957662e-04  7.81436380e-03
 -4.13268489e-01  1.17957662e-04  7.93232146e-03
 -4.12269123e-01  1.25909864e-04  8.05823132e-03
 -4.11269756e-01  1.21933763e-04  8.18016509e-03
 -4.10270389e-01  1.40488901e-04  8.32065399e-03
 -4.09271023e-01  1.61694773e-04  8.48234876e-03
 -4.08271656e-01  1.27235231e-04  8.60958399e-03
 -4.07272289e-01  1.51091837e-04  8.76067583e-03
 -4.06272923e-01  1.39163534e-04  8.89983937e-03
 -4.05273556e-01  1.52417204e-04  9.05225657e-03
 -4.04274190e-01  1.41814268e-04  9.19407084e-03
 -4.03274823e-01  1.53742571e-04  9.34781341e-03
 -4.02275456e-01  1.88202113e-04  9.53601552e-03
 -4.01276090e-01  1.55067938e-04  9.69108346e-03
 -4.00276723e-01  1.82900645e-04  9.87398411e-03
 -3.99277356e-01  1.70972342e-04  1.00449564e-02
 -3.98277990e-01  1.69646975e-04  1.02146034e-02
 -3.97278623e-01  1.80249911e-04  1.03948533e-02
 -3.96279257e-01  1.93503581e-04  1.05883569e-02
 -3.95279890e-01  2.01455783e-04  1.07898127e-02
 -3.94280523e-01  1.82900645e-04  1.09727133e-02
 -3.93281157e-01  1.80249911e-04  1.11529633e-02
 -3.92281790e-01  1.88202113e-04  1.13411654e-02
 -3.91282423e-01  1.98805049e-04  1.15399704e-02
 -3.90283057e-01  2.00130416e-04  1.17401008e-02
 -3.89283690e-01  2.05431884e-04  1.19455327e-02
 -3.88284324e-01  1.90852847e-04  1.21363856e-02
 -3.87284957e-01  1.93503581e-04  1.23298891e-02
 -3.86285590e-01  2.14709453e-04  1.25445986e-02
 -3.85286224e-01  2.17360187e-04  1.27619588e-02
 -3.84286857e-01  1.98805049e-04  1.29607638e-02
 -3.83287490e-01  2.09407985e-04  1.31701718e-02
 -3.82288124e-01  2.53145096e-04  1.34233169e-02
 -3.81288757e-01  2.54470463e-04  1.36777874e-02
 -3.80289391e-01  2.21336288e-04  1.38991237e-02
 -3.79290024e-01  2.20010921e-04  1.41191346e-02
 -3.78290657e-01  2.33264591e-04  1.43523992e-02
 -3.77291291e-01  2.74350968e-04  1.46267501e-02
 -3.76291924e-01  2.29288490e-04  1.48560386e-02
 -3.75292557e-01  2.34589958e-04  1.50906286e-02
 -3.74293191e-01  2.34589958e-04  1.53252186e-02
 -3.73293824e-01  2.74350968e-04  1.55995695e-02
 -3.72294458e-01  2.59771931e-04  1.58593415e-02
 -3.71295091e-01  2.39891426e-04  1.60992329e-02
 -3.70295724e-01  2.59771931e-04  1.63590048e-02
 -3.69296358e-01  2.65073399e-04  1.66240782e-02
 -3.68296991e-01  3.24714914e-04  1.69487931e-02
 -3.67297624e-01  2.90255372e-04  1.72390485e-02
 -3.66298258e-01  2.91580739e-04  1.75306292e-02
 -3.65298891e-01  3.10135877e-04  1.78407651e-02
 -3.64299525e-01  2.99532941e-04  1.81402980e-02
 -3.63300158e-01  2.70374867e-04  1.84106729e-02
 -3.62300791e-01  3.15437345e-04  1.87261103e-02
 -3.61301425e-01  3.40619317e-04  1.90667296e-02
 -3.60302058e-01  2.88930005e-04  1.93556596e-02
 -3.59302691e-01  3.35317850e-04  1.96909774e-02
 -3.58303325e-01  2.88930005e-04  1.99799074e-02
 -3.57303958e-01  3.64475923e-04  2.03443834e-02
 -3.56304592e-01  3.60499822e-04  2.07048832e-02
 -3.55305225e-01  2.92906106e-04  2.09977893e-02
 -3.54305858e-01  3.83031061e-04  2.13808203e-02
 -3.53306492e-01  3.63150556e-04  2.17439709e-02
 -3.52307125e-01  3.49896886e-04  2.20938678e-02
 -3.51307758e-01  3.40619317e-04  2.24344871e-02
 -3.50308392e-01  4.00260832e-04  2.28347479e-02
 -3.49309025e-01  3.44595418e-04  2.31793434e-02
 -3.48309659e-01  4.13514502e-04  2.35928579e-02
 -3.47310292e-01  4.20141337e-04  2.40129992e-02
 -3.46310925e-01  3.97610098e-04  2.44106093e-02
 -3.45311559e-01  3.83031061e-04  2.47936404e-02
 -3.44312192e-01  4.08213034e-04  2.52018534e-02
 -3.43312825e-01  4.32069640e-04  2.56339230e-02
 -3.42313459e-01  4.14839869e-04  2.60487629e-02
 -3.41314092e-01  4.50624778e-04  2.64993877e-02
 -3.40314726e-01  3.96284731e-04  2.68956724e-02
 -3.39315359e-01  4.36045741e-04  2.73317182e-02
 -3.38315992e-01  4.97012623e-04  2.78287308e-02
 -3.37316626e-01  4.73156017e-04  2.83018868e-02
 -3.36317259e-01  4.98337990e-04  2.88002248e-02
 -3.35317892e-01  4.71830650e-04  2.92720554e-02
 -3.34318526e-01  5.11591660e-04  2.97836471e-02
 -3.33319159e-01  4.55926246e-04  3.02395733e-02
 -3.32319793e-01  4.74481384e-04  3.07140547e-02
 -3.31320426e-01  5.43400468e-04  3.12574552e-02
 -3.30321059e-01  5.39424367e-04  3.17968796e-02
 -3.29321693e-01  5.38099000e-04  3.23349786e-02
 -3.28322326e-01  5.55328771e-04  3.28903073e-02
 -3.27322959e-01  5.23519963e-04  3.34138273e-02
 -3.26323593e-01  5.39424367e-04  3.39532517e-02
 -3.25324226e-01  5.52678037e-04  3.45059297e-02
 -3.24324860e-01  5.76534642e-04  3.50824643e-02
 -3.23325493e-01  6.33525423e-04  3.57159898e-02
 -3.22326126e-01  5.36773633e-04  3.62527634e-02
 -3.21326760e-01  5.77860009e-04  3.68306234e-02
 -3.20327393e-01  5.89788312e-04  3.74204117e-02
 -3.19328027e-01  6.20271753e-04  3.80406835e-02
 -3.18328660e-01  6.18946386e-04  3.86596299e-02
 -3.17329293e-01  6.25573221e-04  3.92852031e-02
 -3.16329927e-01  5.88462945e-04  3.98736660e-02
 -3.15330560e-01  6.78587901e-04  4.05522539e-02
 -3.14331193e-01  6.53405928e-04  4.12056598e-02
 -3.13331827e-01  6.85214736e-04  4.18908746e-02
 -3.12332460e-01  7.39554783e-04  4.26304294e-02
 -3.11333094e-01  6.79913268e-04  4.33103426e-02
 -3.10333727e-01  7.10396709e-04  4.40207393e-02
 -3.09334360e-01  7.55459187e-04  4.47761985e-02
 -3.08334994e-01  7.03769874e-04  4.54799684e-02
 -3.07335627e-01  6.69310332e-04  4.61492787e-02
 -3.06336260e-01  7.67387490e-04  4.69166662e-02
 -3.05336894e-01  7.54133820e-04  4.76708000e-02
 -3.04337527e-01  7.80641160e-04  4.84514412e-02
 -3.03338161e-01  6.82564002e-04  4.91340052e-02
 -3.02338794e-01  7.81966527e-04  4.99159717e-02
 -3.01339427e-01  7.91244095e-04  5.07072158e-02
 -3.00340061e-01  8.00521664e-04  5.15077375e-02
 -2.99340694e-01  7.76665059e-04  5.22844026e-02
 -2.98341327e-01  8.08473866e-04  5.30928764e-02
 -2.97341961e-01  8.27029004e-04  5.39199054e-02
 -2.96342594e-01  8.56187078e-04  5.47760925e-02
 -2.95343228e-01  9.30407630e-04  5.57065001e-02
 -2.94343861e-01  8.85345152e-04  5.65918453e-02
 -2.93344494e-01  9.30407630e-04  5.75222529e-02
 -2.92345128e-01  8.41608041e-04  5.83638610e-02
 -2.91345761e-01  8.98598822e-04  5.92624598e-02
 -2.90346394e-01  9.35709098e-04  6.01981689e-02
 -2.89347028e-01  9.31732997e-04  6.11299019e-02
 -2.88347661e-01  9.31732997e-04  6.20616349e-02
 -2.87348295e-01  9.14503226e-04  6.29761381e-02
 -2.86348928e-01  9.21130061e-04  6.38972682e-02
 -2.85349561e-01  9.26431529e-04  6.48236997e-02
 -2.84350195e-01  9.94025246e-04  6.58177249e-02
 -2.83350828e-01  1.01258038e-03  6.68303053e-02
 -2.82351461e-01  1.03113552e-03  6.78614408e-02
 -2.81352095e-01  1.06426970e-03  6.89257105e-02
 -2.80352728e-01  1.10270534e-03  7.00284159e-02
 -2.79353362e-01  1.05764286e-03  7.10860587e-02
 -2.78353995e-01  1.09342777e-03  7.21794865e-02
 -2.77354628e-01  1.15837075e-03  7.33378573e-02
 -2.76355262e-01  1.11860974e-03  7.44564670e-02
 -2.75355895e-01  1.15969612e-03  7.56161631e-02
 -2.74356528e-01  1.11198291e-03  7.67281460e-02
 -2.73357162e-01  1.10668144e-03  7.78348275e-02
 -2.72357795e-01  1.13053805e-03  7.89653655e-02
 -2.71358429e-01  1.16234685e-03  8.01277124e-02
 -2.70359062e-01  1.26042401e-03  8.13881364e-02
 -2.69359695e-01  1.20343323e-03  8.25915696e-02
 -2.68360329e-01  1.26705085e-03  8.38586205e-02
 -2.67360962e-01  1.20873470e-03  8.50673552e-02
 -2.66361595e-01  1.25114644e-03  8.63185016e-02
 -2.65362229e-01  1.29355819e-03  8.76120598e-02
 -2.64362862e-01  1.31211332e-03  8.89241731e-02
 -2.63363496e-01  1.34524750e-03  9.02694206e-02
 -2.62364129e-01  1.35054897e-03  9.16199696e-02
 -2.61364762e-01  1.40753975e-03  9.30275093e-02
 -2.60365396e-01  1.38633388e-03  9.44138432e-02
 -2.59366029e-01  1.45922906e-03  9.58730723e-02
 -2.58366662e-01  1.38898461e-03  9.72620569e-02
 -2.57367296e-01  1.36910410e-03  9.86311610e-02
 -2.56367929e-01  1.43934856e-03  1.00070510e-01
 -2.55368563e-01  1.44730076e-03  1.01517810e-01
 -2.54369196e-01  1.46983200e-03  1.02987642e-01
 -2.53369829e-01  1.45922906e-03  1.04446871e-01
 -2.52370463e-01  1.53610035e-03  1.05982972e-01
 -2.51371096e-01  1.59971796e-03  1.07582690e-01
 -2.50371729e-01  1.51887058e-03  1.09101560e-01
 -2.49372363e-01  1.55333012e-03  1.10654890e-01
 -2.48372996e-01  1.60369406e-03  1.12258584e-01
 -2.47373630e-01  1.64212971e-03  1.13900714e-01
 -2.46374263e-01  1.63682824e-03  1.15537542e-01
 -2.45374896e-01  1.62622530e-03  1.17163768e-01
 -2.44375530e-01  1.69646975e-03  1.18860237e-01
 -2.43376163e-01  1.56128232e-03  1.20421520e-01
 -2.42376796e-01  1.68454145e-03  1.22106061e-01
 -2.41377430e-01  1.73755613e-03  1.23843617e-01
 -2.40378063e-01  1.73490540e-03  1.25578523e-01
 -2.39378697e-01  1.68321608e-03  1.27261739e-01
 -2.38379330e-01  1.68586682e-03  1.28947606e-01
 -2.37379963e-01  1.77466641e-03  1.30722272e-01
 -2.36380597e-01  1.82105425e-03  1.32543326e-01
 -2.35381230e-01  1.79984838e-03  1.34343175e-01
 -2.34381864e-01  1.88599723e-03  1.36229172e-01
 -2.33382497e-01  1.97612219e-03  1.38205294e-01
 -2.32383130e-01  1.95491632e-03  1.40160210e-01
 -2.31383764e-01  1.90852847e-03  1.42068739e-01
 -2.30384397e-01  1.94696411e-03  1.44015703e-01
 -2.29385030e-01  1.88732260e-03  1.45903026e-01
 -2.28385664e-01  2.01853393e-03  1.47921559e-01
 -2.27386297e-01  1.92575824e-03  1.49847318e-01
 -2.26386931e-01  1.99335196e-03  1.51840670e-01
 -2.25387564e-01  1.98009829e-03  1.53820768e-01
 -2.24388197e-01  2.07685008e-03  1.55897618e-01
 -2.23388831e-01  2.10600815e-03  1.58003626e-01
 -2.22389464e-01  2.01720857e-03  1.60020835e-01
 -2.21390097e-01  2.16962577e-03  1.62190461e-01
 -2.20390731e-01  2.16034820e-03  1.64350809e-01
 -2.19391364e-01  2.12721403e-03  1.66478023e-01
 -2.18391998e-01  2.13914233e-03  1.68617165e-01
 -2.17392631e-01  2.26372683e-03  1.70880892e-01
 -2.16393264e-01  2.23589412e-03  1.73116786e-01
 -2.15393898e-01  2.29553563e-03  1.75412322e-01
 -2.14394531e-01  2.31674151e-03  1.77729063e-01
 -2.13395164e-01  2.29951173e-03  1.80028575e-01
 -2.12395798e-01  2.46385724e-03  1.82492432e-01
 -2.11396431e-01  2.33927274e-03  1.84831705e-01
 -2.10397065e-01  2.32336834e-03  1.87155073e-01
 -2.09397698e-01  2.35517715e-03  1.89510250e-01
 -2.08398331e-01  2.45192894e-03  1.91962179e-01
 -2.07398965e-01  2.56458513e-03  1.94526764e-01
 -2.06399598e-01  2.47180944e-03  1.96998574e-01
 -2.05400231e-01  2.40819183e-03  1.99406766e-01
 -2.04400865e-01  2.55530756e-03  2.01962073e-01
 -2.03401498e-01  2.59109247e-03  2.04553166e-01
 -2.02402132e-01  2.50494362e-03  2.07058109e-01
 -2.01402765e-01  2.59109247e-03  2.09649202e-01
 -2.00403398e-01  2.64278179e-03  2.12291984e-01
 -1.99404032e-01  2.62952812e-03  2.14921512e-01
 -1.98404665e-01  2.68651890e-03  2.17608031e-01
 -1.97405298e-01  2.60169541e-03  2.20209726e-01
 -1.96405932e-01  2.62952812e-03  2.22839254e-01
 -1.95406565e-01  2.80845266e-03  2.25647707e-01
 -1.94407199e-01  2.66266229e-03  2.28310369e-01
 -1.93407832e-01  2.70242330e-03  2.31012792e-01
 -1.92408465e-01  2.75146188e-03  2.33764254e-01
 -1.91409099e-01  2.84556294e-03  2.36609817e-01
 -1.90409732e-01  2.73953358e-03  2.39349351e-01
 -1.89410365e-01  2.80315119e-03  2.42152502e-01
 -1.88410999e-01  2.86544344e-03  2.45017945e-01
 -1.87411632e-01  2.91580739e-03  2.47933753e-01
 -1.86412266e-01  2.99930551e-03  2.50933058e-01
 -1.85412899e-01  2.98870257e-03  2.53921761e-01
 -1.84413532e-01  3.02051138e-03  2.56942272e-01
 -1.83414166e-01  3.12521537e-03  2.60067488e-01
 -1.82414799e-01  3.05232019e-03  2.63119808e-01
 -1.81415432e-01  2.98737720e-03  2.66107185e-01
 -1.80416066e-01  3.00593234e-03  2.69113117e-01
 -1.79416699e-01  3.08412900e-03  2.72197246e-01
 -1.78417333e-01  3.04171725e-03  2.75238964e-01
 -1.77417966e-01  3.19015835e-03  2.78429122e-01
 -1.76418599e-01  3.17557932e-03  2.81604701e-01
 -1.75419233e-01  3.10268413e-03  2.84707385e-01
 -1.74419866e-01  3.13051684e-03  2.87837902e-01
 -1.73420499e-01  3.18618225e-03  2.91024085e-01
 -1.72421133e-01  3.23124473e-03  2.94255329e-01
 -1.71421766e-01  3.19280909e-03  2.97448138e-01
 -1.70422400e-01  3.22064180e-03  3.00668780e-01
 -1.69423033e-01  3.17557932e-03  3.03844360e-01
 -1.68423666e-01  3.39691561e-03  3.07241275e-01
 -1.67424300e-01  3.41016928e-03  3.10651444e-01
 -1.66424933e-01  3.33992483e-03  3.13991369e-01
 -1.65425566e-01  3.44595418e-03  3.17437323e-01
 -1.64426200e-01  3.38896340e-03  3.20826287e-01
 -1.63426833e-01  3.37570973e-03  3.24201997e-01
 -1.62427467e-01  3.43667662e-03  3.27638673e-01
 -1.61428100e-01  3.36908290e-03  3.31007756e-01
 -1.60428733e-01  3.35450386e-03  3.34362260e-01
 -1.59429367e-01  3.51487327e-03  3.37877133e-01
 -1.58430000e-01  3.55330891e-03  3.41430442e-01
 -1.57430633e-01  3.53872987e-03  3.44969172e-01
 -1.56431267e-01  3.53475377e-03  3.48503926e-01
 -1.55431900e-01  3.57053868e-03  3.52074464e-01
 -1.54432534e-01  3.60897432e-03  3.55683439e-01
 -1.53433167e-01  3.57716552e-03  3.59260604e-01
 -1.52433800e-01  3.32799652e-03  3.62588601e-01
 -1.51434434e-01  3.65271144e-03  3.66241312e-01
 -1.50435067e-01  3.53872987e-03  3.69780042e-01
 -1.49435701e-01  3.70970222e-03  3.73489744e-01
 -1.48436334e-01  3.66463974e-03  3.77154384e-01
 -1.47436967e-01  3.76801836e-03  3.80922402e-01
 -1.46437601e-01  3.70837685e-03  3.84630779e-01
 -1.45438234e-01  3.73488419e-03  3.88365663e-01
 -1.44438867e-01  3.65933827e-03  3.92025002e-01
 -1.43439501e-01  3.73753492e-03  3.95762537e-01
 -1.42440134e-01  3.80380327e-03  3.99566340e-01
 -1.41440768e-01  3.81440621e-03  4.03380746e-01
 -1.40441401e-01  3.82765988e-03  4.07208406e-01
 -1.39442034e-01  3.71102758e-03  4.10919434e-01
 -1.38442668e-01  3.69909928e-03  4.14618533e-01
 -1.37443301e-01  3.79982717e-03  4.18418360e-01
 -1.36443934e-01  3.71500368e-03  4.22133364e-01
 -1.35444568e-01  3.75874080e-03  4.25892105e-01
 -1.34445201e-01  3.78922424e-03  4.29681329e-01
 -1.33445835e-01  3.85151648e-03  4.33532845e-01
 -1.32446468e-01  3.81308084e-03  4.37345926e-01
 -1.31447101e-01  3.76404226e-03  4.41109968e-01
 -1.30447735e-01  3.87669846e-03  4.44986667e-01
 -1.29448368e-01  3.83958818e-03  4.48826255e-01
 -1.28449001e-01  3.91911020e-03  4.52745365e-01
 -1.27449635e-01  4.07020204e-03  4.56815567e-01
 -1.26450268e-01  3.95489511e-03  4.60770462e-01
 -1.25450902e-01  3.90585653e-03  4.64676319e-01
 -1.24451535e-01  3.87934919e-03  4.68555668e-01
 -1.23452168e-01  3.87272236e-03  4.72428390e-01
 -1.22452802e-01  3.94031607e-03  4.76368706e-01
 -1.21453435e-01  3.82765988e-03  4.80196366e-01
 -1.20454068e-01  3.86344479e-03  4.84059811e-01
 -1.19454702e-01  3.95622048e-03  4.88016032e-01
 -1.18455335e-01  3.94694291e-03  4.91962975e-01
 -1.17455969e-01  3.82103304e-03  4.95784008e-01
 -1.16456602e-01  3.99598149e-03  4.99779989e-01
 -1.15457235e-01  3.85151648e-03  5.03631506e-01
 -1.14457869e-01  3.84356428e-03  5.07475070e-01
 -1.13458502e-01  3.80777937e-03  5.11282849e-01
 -1.12459135e-01  3.87802382e-03  5.15160873e-01
 -1.11459769e-01  3.90850727e-03  5.19069380e-01
 -1.10460402e-01  3.79585107e-03  5.22865231e-01
 -1.09461036e-01  3.86211942e-03  5.26727351e-01
 -1.08461669e-01  3.84886575e-03  5.30576217e-01
 -1.07462302e-01  3.76536763e-03  5.34341584e-01
 -1.06462936e-01  3.82368378e-03  5.38165268e-01
 -1.05463569e-01  3.73488419e-03  5.41900152e-01
 -1.04464202e-01  3.68584561e-03  5.45585998e-01
 -1.03464836e-01  3.89922970e-03  5.49485227e-01
 -1.02465469e-01  3.74946323e-03  5.53234691e-01
 -1.01466103e-01  3.67524267e-03  5.56909933e-01
 -1.00466736e-01  3.61957726e-03  5.60529511e-01
 -9.94673693e-02  3.73620956e-03  5.64265720e-01
 -9.84680027e-02  3.73753492e-03  5.68003255e-01
 -9.74686361e-02  3.72693199e-03  5.71730187e-01
 -9.64692695e-02  3.72958272e-03  5.75459770e-01
 -9.54699028e-02  3.71367832e-03  5.79173448e-01
 -9.44705362e-02  3.67524267e-03  5.82848691e-01
 -9.34711696e-02  3.62222799e-03  5.86470919e-01
 -9.24718030e-02  3.63150556e-03  5.90102424e-01
 -9.14724363e-02  3.71367832e-03  5.93816103e-01
 -9.04730697e-02  3.50692107e-03  5.97323024e-01
 -8.94737031e-02  3.61295043e-03  6.00935974e-01
 -8.84743365e-02  3.64475923e-03  6.04580733e-01
 -8.74749698e-02  3.57981625e-03  6.08160550e-01
 -8.64756032e-02  3.54403134e-03  6.11704581e-01
 -8.54762366e-02  3.51089717e-03  6.15215478e-01
 -8.44768700e-02  3.55463428e-03  6.18770112e-01
 -8.34775033e-02  3.53210304e-03  6.22302215e-01
 -8.24781367e-02  3.29088625e-03  6.25593102e-01
 -8.14787701e-02  3.48041373e-03  6.29073515e-01
 -8.04794035e-02  3.51487327e-03  6.32588389e-01
 -7.94800368e-02  3.29486235e-03  6.35883251e-01
 -7.84806702e-02  3.27100574e-03  6.39154257e-01
 -7.74813036e-02  3.33329799e-03  6.42487555e-01
 -7.64819370e-02  3.36245606e-03  6.45850011e-01
 -7.54825704e-02  3.38498730e-03  6.49234998e-01
 -7.44832037e-02  3.18618225e-03  6.52421180e-01
 -7.34838371e-02  3.22991936e-03  6.55651100e-01
 -7.24844705e-02  3.19413446e-03  6.58845234e-01
 -7.14851039e-02  3.14907198e-03  6.61994306e-01
 -7.04857372e-02  3.06689922e-03  6.65061205e-01
 -6.94863706e-02  3.17292858e-03  6.68234134e-01
 -6.84870040e-02  3.11858854e-03  6.71352723e-01
 -6.74876374e-02  2.96484597e-03  6.74317569e-01
 -6.64882707e-02  2.98605184e-03  6.77303620e-01
 -6.54889041e-02  2.93701326e-03  6.80240634e-01
 -6.44895375e-02  3.00593234e-03  6.83246566e-01
 -6.34901709e-02  2.89725225e-03  6.86143818e-01
 -6.24908042e-02  2.98340110e-03  6.89127219e-01
 -6.14914376e-02  2.94496546e-03  6.92072185e-01
 -6.04920710e-02  2.84821367e-03  6.94920398e-01
 -5.94927044e-02  2.88797468e-03  6.97808373e-01
 -5.84933378e-02  2.85086440e-03  7.00659238e-01
 -5.74939711e-02  2.74483504e-03  7.03404073e-01
 -5.64946045e-02  2.83230927e-03  7.06236382e-01
 -5.54952379e-02  2.83893610e-03  7.09075318e-01
 -5.44958713e-02  2.87207028e-03  7.11947388e-01
 -5.34965046e-02  2.76869165e-03  7.14716080e-01
 -5.24971380e-02  2.65736082e-03  7.17373441e-01
 -5.14977714e-02  2.56856123e-03  7.19942002e-01
 -5.04984048e-02  2.59904468e-03  7.22541047e-01
 -4.94990381e-02  2.71302624e-03  7.25254073e-01
 -4.84996715e-02  2.66398766e-03  7.27918061e-01
 -4.75003049e-02  2.73423211e-03  7.30652293e-01
 -4.65009383e-02  2.45457967e-03  7.33106872e-01
 -4.55015716e-02  2.45855577e-03  7.35565428e-01
 -4.45022050e-02  2.48903921e-03  7.38054467e-01
 -4.35028384e-02  2.44530210e-03  7.40499769e-01
 -4.25034718e-02  2.44265137e-03  7.42942421e-01
 -4.15041052e-02  2.41349330e-03  7.45355914e-01
 -4.05047385e-02  2.49699142e-03  7.47852905e-01
 -3.95053719e-02  2.34059811e-03  7.50193504e-01
 -3.85060053e-02  2.40421573e-03  7.52597719e-01
 -3.75066387e-02  2.39096206e-03  7.54988681e-01
 -3.65072720e-02  2.32734444e-03  7.57316026e-01
 -3.55079054e-02  2.28890880e-03  7.59604935e-01
 -3.45085388e-02  2.29951173e-03  7.61904446e-01
 -3.35091722e-02  2.14046770e-03  7.64044914e-01
 -3.25098055e-02  2.20143458e-03  7.66246349e-01
 -3.15104389e-02  2.22396582e-03  7.68470314e-01
 -3.05110723e-02  2.12191256e-03  7.70592227e-01
 -2.95117057e-02  2.20143458e-03  7.72793662e-01
 -2.85123390e-02  2.20938678e-03  7.75003048e-01
 -2.75129724e-02  2.16830040e-03  7.77171349e-01
 -2.65136058e-02  2.14709453e-03  7.79318443e-01
 -2.55142392e-02  2.13649159e-03  7.81454935e-01
 -2.45148726e-02  2.10998425e-03  7.83564919e-01
 -2.35155059e-02  2.07685008e-03  7.85641769e-01
 -2.25161393e-02  1.93901191e-03  7.87580781e-01
 -2.15167727e-02  2.03576370e-03  7.89616545e-01
 -2.05174061e-02  1.94298801e-03  7.91559533e-01
 -1.95180394e-02  1.98009829e-03  7.93539631e-01
 -1.85186728e-02  1.94961485e-03  7.95489246e-01
 -1.75193062e-02  1.80514985e-03  7.97294396e-01
 -1.65199396e-02  1.93238508e-03  7.99226781e-01
 -1.55205729e-02  1.85551379e-03  8.01082295e-01
 -1.45212063e-02  1.85816453e-03  8.02940459e-01
 -1.35218397e-02  1.81840352e-03  8.04758863e-01
 -1.25224731e-02  1.87406893e-03  8.06632932e-01
 -1.15231064e-02  1.83563329e-03  8.08468565e-01
 -1.05237398e-02  1.81707815e-03  8.10285643e-01
 -9.52437320e-03  1.81840352e-03  8.12104047e-01
 -8.52500658e-03  1.85816453e-03  8.13962211e-01
 -7.52563995e-03  1.83430792e-03  8.15796519e-01
 -6.52627333e-03  1.70442195e-03  8.17500941e-01
 -5.52690670e-03  1.81045131e-03  8.19311392e-01
 -4.52754008e-03  1.71104879e-03  8.21022441e-01
 -3.52817346e-03  1.73755613e-03  8.22759997e-01
 -2.52880683e-03  1.61429700e-03  8.24374294e-01
 -1.52944021e-03  1.72960393e-03  8.26103898e-01
 -5.30073587e-04  1.74020686e-03  8.27844105e-01
  4.69293037e-04  1.66068484e-03  8.29504790e-01
  1.46865966e-03  1.64875654e-03  8.31153546e-01
  2.46802628e-03  1.66598631e-03  8.32819533e-01
  3.46739291e-03  1.61959847e-03  8.34439131e-01
  4.46675953e-03  1.66731168e-03  8.36106443e-01
  5.46612615e-03  1.63152677e-03  8.37737970e-01
  6.46549278e-03  1.58116282e-03  8.39319132e-01
  7.46485940e-03  1.65803411e-03  8.40977167e-01
  8.46422603e-03  1.63682824e-03  8.42613995e-01
  9.46359265e-03  1.65803411e-03  8.44272029e-01
  1.04629593e-02  1.62755067e-03  8.45899580e-01
  1.14623259e-02  1.57718672e-03  8.47476766e-01
  1.24616925e-02  1.54405255e-03  8.49020819e-01
  1.34610591e-02  1.59044039e-03  8.50611259e-01
  1.44604258e-02  1.44067392e-03  8.52051933e-01
  1.54597924e-02  1.50429154e-03  8.53556225e-01
  1.64591590e-02  1.45260223e-03  8.55008827e-01
  1.74585256e-02  1.52814814e-03  8.56536975e-01
  1.84578923e-02  1.51621984e-03  8.58053195e-01
  1.94572589e-02  1.38500851e-03  8.59438203e-01
  2.04566255e-02  1.45922906e-03  8.60897432e-01
  2.14559921e-02  1.50296617e-03  8.62400399e-01
  2.24553588e-02  1.46718126e-03  8.63867580e-01
  2.34547254e-02  1.43537245e-03  8.65302952e-01
  2.44540920e-02  1.41549195e-03  8.66718444e-01
  2.54534586e-02  1.47248273e-03  8.68190927e-01
  2.64528252e-02  1.39428608e-03  8.69585213e-01
  2.74521919e-02  1.37573094e-03  8.70960944e-01
  2.84515585e-02  1.36910410e-03  8.72330048e-01
  2.94509251e-02  1.42742025e-03  8.73757468e-01
  3.04502917e-02  1.44730076e-03  8.75204769e-01
  3.14496584e-02  1.35982654e-03  8.76564596e-01
  3.24490250e-02  1.41416658e-03  8.77978762e-01
  3.34483916e-02  1.32404163e-03  8.79302804e-01
  3.44477582e-02  1.32404163e-03  8.80626846e-01
  3.54471249e-02  1.34524750e-03  8.81972093e-01
  3.64464915e-02  1.26174938e-03  8.83233842e-01
  3.74458581e-02  1.23656741e-03  8.84470410e-01
  3.84452247e-02  1.31874016e-03  8.85789150e-01
  3.94445914e-02  1.31343869e-03  8.87102589e-01
  4.04439580e-02  1.18487809e-03  8.88287467e-01
  4.14433246e-02  1.26705085e-03  8.89554518e-01
  4.24426912e-02  1.26440011e-03  8.90818918e-01
  4.34420579e-02  1.27102695e-03  8.92089945e-01
  4.44414245e-02  1.26042401e-03  8.93350369e-01
  4.54407911e-02  1.14776782e-03  8.94498137e-01
  4.64401577e-02  1.21006007e-03  8.95708197e-01
  4.74395243e-02  1.21536153e-03  8.96923558e-01
  4.84388910e-02  1.21536153e-03  8.98138920e-01
  4.94382576e-02  1.29090745e-03  8.99429827e-01
  5.04376242e-02  1.12126048e-03  9.00551088e-01
  5.14369908e-02  1.16234685e-03  9.01713434e-01
  5.24363575e-02  1.16897369e-03  9.02882408e-01
  5.34357241e-02  1.19283029e-03  9.04075238e-01
  5.44350907e-02  1.09077704e-03  9.05166015e-01
  5.54344573e-02  1.09607850e-03  9.06262094e-01
  5.64338240e-02  1.10668144e-03  9.07368775e-01
  5.74331906e-02  1.13716488e-03  9.08505940e-01
  5.84325572e-02  1.15837075e-03  9.09664311e-01
  5.94319238e-02  1.07884873e-03  9.10743160e-01
  6.04312905e-02  1.04571456e-03  9.11788874e-01
  6.14306571e-02  1.02715942e-03  9.12816034e-01
  6.24300237e-02  1.03908772e-03  9.13855121e-01
  6.34293903e-02  1.05896823e-03  9.14914090e-01
  6.44287569e-02  1.06824580e-03  9.15982336e-01
  6.54281236e-02  1.04703993e-03  9.17029375e-01
  6.64274902e-02  1.01390575e-03  9.18043281e-01
  6.74268568e-02  1.03511162e-03  9.19078393e-01
  6.84262234e-02  1.01390575e-03  9.20092299e-01
  6.94255901e-02  1.02848479e-03  9.21120783e-01
  7.04249567e-02  9.74144741e-04  9.22094928e-01
  7.14243233e-02  9.59565704e-04  9.23054494e-01
  7.24236899e-02  9.48962768e-04  9.24003457e-01
  7.34230566e-02  9.42335933e-04  9.24945792e-01
  7.44224232e-02  9.58240337e-04  9.25904033e-01
  7.54217898e-02  9.54264236e-04  9.26858297e-01
  7.64211564e-02  9.44986667e-04  9.27803284e-01
  7.74205231e-02  9.33058364e-04  9.28736342e-01
  7.84198897e-02  9.07876391e-04  9.29644218e-01
  7.94192563e-02  8.57512445e-04  9.30501731e-01
  8.04186229e-02  9.09201758e-04  9.31410933e-01
  8.14179895e-02  8.70766115e-04  9.32281699e-01
  8.24173562e-02  8.73416849e-04  9.33155116e-01
  8.34167228e-02  8.74742216e-04  9.34029858e-01
  8.44160894e-02  8.70766115e-04  9.34900624e-01
  8.54154560e-02  7.87267995e-04  9.35687892e-01
  8.64148227e-02  8.77392950e-04  9.36565285e-01
  8.74141893e-02  8.05823132e-04  9.37371108e-01
  8.84135559e-02  8.76067583e-04  9.38247176e-01
  8.94129225e-02  8.48234876e-04  9.39095411e-01
  9.04122892e-02  8.29679738e-04  9.39925090e-01
  9.14116558e-02  7.97870930e-04  9.40722961e-01
  9.24110224e-02  8.56187078e-04  9.41579148e-01
  9.34103890e-02  7.87267995e-04  9.42366416e-01
  9.44097557e-02  8.08473866e-04  9.43174890e-01
  9.54091223e-02  8.15100701e-04  9.43989991e-01
  9.64084889e-02  8.24378270e-04  9.44814369e-01
  9.74078555e-02  7.22325012e-04  9.45536694e-01
  9.84072221e-02  7.15698177e-04  9.46252392e-01
  9.94065888e-02  7.34253315e-04  9.46986646e-01
  1.00405955e-01  7.02444507e-04  9.47689090e-01
  1.01405322e-01  7.88593362e-04  9.48477683e-01
  1.02404689e-01  7.62086022e-04  9.49239769e-01
  1.03404055e-01  6.73286433e-04  9.49913056e-01
  1.04403422e-01  7.32927948e-04  9.50645984e-01
  1.05402789e-01  6.64008864e-04  9.51309993e-01
  1.06402155e-01  7.02444507e-04  9.52012437e-01
  1.07401522e-01  6.52080561e-04  9.52664518e-01
  1.08400888e-01  6.52080561e-04  9.53316598e-01
  1.09400255e-01  6.87865470e-04  9.54004464e-01
  1.10399622e-01  6.48104460e-04  9.54652568e-01
  1.11398988e-01  6.07018083e-04  9.55259586e-01
  1.12398355e-01  5.87137578e-04  9.55846724e-01
  1.13397722e-01  5.91113679e-04  9.56437838e-01
  1.14397088e-01  6.14970285e-04  9.57052808e-01
  1.15396455e-01  6.22922487e-04  9.57675730e-01
  1.16395821e-01  6.05692716e-04  9.58281423e-01
  1.17395188e-01  5.97740514e-04  9.58879164e-01
  1.18394555e-01  5.42075101e-04  9.59421239e-01
  1.19393921e-01  5.80510743e-04  9.60001749e-01
  1.20393288e-01  5.95089780e-04  9.60596839e-01
  1.21392654e-01  6.25573221e-04  9.61222412e-01
  1.22392021e-01  5.44725835e-04  9.61767138e-01
  1.23391388e-01  5.35448266e-04  9.62302587e-01
  1.24390754e-01  5.64606339e-04  9.62867193e-01
  1.25390121e-01  5.26170697e-04  9.63393364e-01
  1.26389488e-01  5.43400468e-04  9.63936764e-01
  1.27388854e-01  5.19543862e-04  9.64456308e-01
  1.28388221e-01  4.85084320e-04  9.64941392e-01
  1.29387587e-01  5.28821431e-04  9.65470214e-01
  1.30386954e-01  4.51950145e-04  9.65922164e-01
  1.31386321e-01  5.03639458e-04  9.66425803e-01
  1.32385687e-01  4.77132118e-04  9.66902935e-01
  1.33385054e-01  4.91711155e-04  9.67394647e-01
  1.34384421e-01  4.89060421e-04  9.67883707e-01
  1.35383787e-01  4.50624778e-04  9.68334332e-01
  1.36383154e-01  4.04236933e-04  9.68738569e-01
  1.37382520e-01  4.49299411e-04  9.69187868e-01
  1.38381887e-01  4.69179916e-04  9.69657048e-01
  1.39381254e-01  4.28093539e-04  9.70085142e-01
  1.40380620e-01  4.63878448e-04  9.70549020e-01
  1.41379987e-01  4.45323310e-04  9.70994343e-01
  1.42379354e-01  4.57251613e-04  9.71451595e-01
  1.43378720e-01  4.22792071e-04  9.71874387e-01
  1.44378087e-01  4.05562300e-04  9.72279949e-01
  1.45377453e-01  3.80380327e-04  9.72660330e-01
  1.46376820e-01  3.73753492e-04  9.73034083e-01
  1.47376187e-01  4.13514502e-04  9.73447598e-01
  1.48375553e-01  3.53872987e-04  9.73801471e-01
  1.49374920e-01  3.88332529e-04  9.74189803e-01
  1.50374287e-01  4.01586199e-04  9.74591389e-01
  1.51373653e-01  3.51222253e-04  9.74942612e-01
  1.52373020e-01  3.84356428e-04  9.75326968e-01
  1.53372386e-01  4.01586199e-04  9.75728554e-01
  1.54371753e-01  3.31341749e-04  9.76059896e-01
  1.55371120e-01  3.20738813e-04  9.76380635e-01
  1.56370486e-01  3.65801290e-04  9.76746436e-01
  1.57369853e-01  3.47246152e-04  9.77093682e-01
  1.58369220e-01  3.08810510e-04  9.77402493e-01
  1.59368586e-01  3.60499822e-04  9.77762993e-01
  1.60367953e-01  3.36643217e-04  9.78099636e-01
  1.61367319e-01  3.37968584e-04  9.78437604e-01
  1.62366686e-01  3.60499822e-04  9.78798104e-01
  1.63366053e-01  3.30016382e-04  9.79128121e-01
  1.64365419e-01  2.95556840e-04  9.79423677e-01
  1.65364786e-01  2.70374867e-04  9.79694052e-01
  1.66364153e-01  3.08810510e-04  9.80002863e-01
  1.67363519e-01  3.10135877e-04  9.80312999e-01
  1.68362886e-01  3.26040281e-04  9.80639039e-01
  1.69362252e-01  2.88930005e-04  9.80927969e-01
  1.70361619e-01  3.10135877e-04  9.81238105e-01
  1.71360986e-01  3.12786611e-04  9.81550891e-01
  1.72360352e-01  2.78327069e-04  9.81829219e-01
  1.73359719e-01  2.66398766e-04  9.82095617e-01
  1.74359086e-01  2.29288490e-04  9.82324906e-01
  1.75358452e-01  2.55795830e-04  9.82580702e-01
  1.76357819e-01  2.66398766e-04  9.82847100e-01
  1.77357185e-01  2.46518261e-04  9.83093619e-01
  1.78356552e-01  2.61097298e-04  9.83354716e-01
  1.79355919e-01  2.65073399e-04  9.83619789e-01
  1.80355285e-01  2.27963123e-04  9.83847752e-01
  1.81354652e-01  2.50494362e-04  9.84098247e-01
  1.82354019e-01  2.53145096e-04  9.84351392e-01
  1.83353385e-01  2.41216793e-04  9.84592609e-01
  1.84352752e-01  2.62422665e-04  9.84855031e-01
  1.85352118e-01  2.08082618e-04  9.85063114e-01
  1.86351485e-01  2.37240692e-04  9.85300355e-01
  1.87350852e-01  2.22661655e-04  9.85523016e-01
  1.88350218e-01  2.43867527e-04  9.85766884e-01
  1.89349585e-01  2.09407985e-04  9.85976292e-01
  1.90348952e-01  2.35915325e-04  9.86212207e-01
  1.91348318e-01  1.93503581e-04  9.86405711e-01
  1.92347685e-01  2.23987022e-04  9.86629698e-01
  1.93347051e-01  1.66996241e-04  9.86796694e-01
  1.94346418e-01  2.16034820e-04  9.87012729e-01
  1.95345785e-01  2.14709453e-04  9.87227438e-01
  1.96345151e-01  1.86876746e-04  9.87414315e-01
  1.97344518e-01  1.86876746e-04  9.87601192e-01
  1.98343885e-01  1.85551379e-04  9.87786743e-01
  1.99343251e-01  1.90852847e-04  9.87977596e-01
  2.00342618e-01  1.90852847e-04  9.88168449e-01
  2.01341984e-01  2.05431884e-04  9.88373881e-01
  2.02341351e-01  1.97479682e-04  9.88571360e-01
  2.03340718e-01  1.93503581e-04  9.88764864e-01
  2.04340084e-01  1.49766470e-04  9.88914630e-01
  2.05339451e-01  1.82900645e-04  9.89097531e-01
  2.06338817e-01  1.59044039e-04  9.89256575e-01
  2.07338184e-01  1.55067938e-04  9.89411643e-01
  2.08337551e-01  1.63020140e-04  9.89574663e-01
  2.09336917e-01  1.53742571e-04  9.89728406e-01
  2.10336284e-01  1.69646975e-04  9.89898053e-01
  2.11335651e-01  1.68321608e-04  9.90066374e-01
  2.12335017e-01  1.82900645e-04  9.90249275e-01
  2.13334384e-01  1.40488901e-04  9.90389764e-01
  2.14333750e-01  1.53742571e-04  9.90543506e-01
  2.15333117e-01  1.70972342e-04  9.90714479e-01
  2.16332484e-01  1.47115736e-04  9.90861595e-01
  2.17331850e-01  1.35187433e-04  9.90996782e-01
  2.18331217e-01  1.37838167e-04  9.91134620e-01
  2.19330584e-01  1.56393305e-04  9.91291013e-01
  2.20329950e-01  1.35187433e-04  9.91426201e-01
  2.21329317e-01  1.51091837e-04  9.91577293e-01
  2.22328683e-01  1.15306928e-04  9.91692600e-01
  2.23328050e-01  1.31211332e-04  9.91823811e-01
  2.24327417e-01  1.24584497e-04  9.91948396e-01
  2.25326783e-01  1.21933763e-04  9.92070329e-01
  2.26326150e-01  1.60369406e-04  9.92230699e-01
  2.27325517e-01  1.41814268e-04  9.92372513e-01
  2.28324883e-01  1.28560598e-04  9.92501074e-01
  2.29324250e-01  1.24584497e-04  9.92625658e-01
  2.30323616e-01  1.31211332e-04  9.92756869e-01
  2.31322983e-01  1.25909864e-04  9.92882779e-01
  2.32322350e-01  1.19283029e-04  9.93002062e-01
  2.33321716e-01  1.32536699e-04  9.93134599e-01
  2.34321083e-01  1.21933763e-04  9.93256533e-01
  2.35320450e-01  1.20608396e-04  9.93377141e-01
  2.36319816e-01  1.19283029e-04  9.93496424e-01
  2.37319183e-01  1.11330828e-04  9.93607755e-01
  2.38318549e-01  1.27235231e-04  9.93734990e-01
  2.39317916e-01  9.94025246e-05  9.93834393e-01
  2.40317283e-01  1.20608396e-04  9.93955001e-01
  2.41316649e-01  1.02053259e-04  9.94057054e-01
  2.42316016e-01  1.06029360e-04  9.94163084e-01
  2.43315383e-01  9.41010566e-05  9.94257185e-01
  2.44314749e-01  8.74742216e-05  9.94344659e-01
  2.45314116e-01  9.94025246e-05  9.94444062e-01
  2.46313482e-01  7.02444507e-05  9.94514306e-01
  2.47312849e-01  8.48234876e-05  9.94599129e-01
  2.48312216e-01  8.48234876e-05  9.94683953e-01
  2.49311582e-01  8.61488546e-05  9.94770102e-01
  2.50310949e-01  8.74742216e-05  9.94857576e-01
  2.51310316e-01  7.28951847e-05  9.94930471e-01
  2.52309682e-01  9.01249556e-05  9.95020596e-01
  2.53309049e-01  1.02053259e-04  9.95122649e-01
  2.54308415e-01  9.14503226e-05  9.95214100e-01
  2.55307782e-01  8.74742216e-05  9.95301574e-01
  2.56307149e-01  6.89190837e-05  9.95370493e-01
  2.57306515e-01  8.08473866e-05  9.95451340e-01
  2.58305882e-01  7.28951847e-05  9.95524236e-01
  2.59305249e-01  7.81966527e-05  9.95602432e-01
  2.60304615e-01  9.27756896e-05  9.95695208e-01
  2.61303982e-01  8.21727536e-05  9.95777381e-01
  2.62303348e-01  5.56654138e-05  9.95833046e-01
  2.63302715e-01  6.75937167e-05  9.95900640e-01
  2.64302082e-01  6.75937167e-05  9.95968234e-01
  2.65301448e-01  6.49429827e-05  9.96033177e-01
  2.66300815e-01  7.15698177e-05  9.96104746e-01
  2.67300182e-01  6.75937167e-05  9.96172340e-01
  2.68299548e-01  8.87995886e-05  9.96261140e-01
  2.69298915e-01  7.28951847e-05  9.96334035e-01
  2.70298281e-01  7.42205517e-05  9.96408255e-01
  2.71297648e-01  7.28951847e-05  9.96481151e-01
  2.72297015e-01  6.49429827e-05  9.96546094e-01
  2.73296381e-01  4.90385788e-05  9.96595132e-01
  2.74295748e-01  7.28951847e-05  9.96668027e-01
  2.75295115e-01  5.43400468e-05  9.96722367e-01
  2.76294481e-01  4.77132118e-05  9.96770081e-01
  2.77293848e-01  7.28951847e-05  9.96842976e-01
  2.78293214e-01  7.42205517e-05  9.96917196e-01
  2.79292581e-01  7.02444507e-05  9.96987441e-01
  2.80291948e-01  5.43400468e-05  9.97041781e-01
  2.81291314e-01  5.69907807e-05  9.97098772e-01
  2.82290681e-01  6.89190837e-05  9.97167691e-01
  2.83290048e-01  6.36176157e-05  9.97231308e-01
  2.84289414e-01  4.63878448e-05  9.97277696e-01
  2.85288781e-01  4.63878448e-05  9.97324084e-01
  2.86288147e-01  4.50624778e-05  9.97369147e-01
  2.87287514e-01  6.22922487e-05  9.97431439e-01
  2.88286881e-01  4.50624778e-05  9.97476501e-01
  2.89286247e-01  3.57849088e-05  9.97512286e-01
  2.90285614e-01  4.77132118e-05  9.97559999e-01
  2.91284980e-01  5.56654138e-05  9.97615665e-01
  2.92284347e-01  4.90385788e-05  9.97664703e-01
  2.93283714e-01  3.84356428e-05  9.97703139e-01
  2.94283080e-01  4.90385788e-05  9.97752178e-01
  2.95282447e-01  5.03639458e-05  9.97802542e-01
  2.96281814e-01  5.96415147e-05  9.97862183e-01
  2.97281180e-01  4.37371108e-05  9.97905920e-01
  2.98280547e-01  4.50624778e-05  9.97950983e-01
  2.99279913e-01  4.77132118e-05  9.97998696e-01
  3.00279280e-01  2.91580739e-05  9.98027854e-01
  3.01278647e-01  4.24117438e-05  9.98070266e-01
  3.02278013e-01  5.03639458e-05  9.98120630e-01
  3.03277380e-01  3.97610098e-05  9.98160391e-01
  3.04276747e-01  4.90385788e-05  9.98209429e-01
  3.05276113e-01  2.12058719e-05  9.98230635e-01
  3.06275480e-01  3.97610098e-05  9.98270396e-01
  3.07274846e-01  2.65073399e-05  9.98296903e-01
  3.08274213e-01  2.65073399e-05  9.98323411e-01
  3.09273580e-01  3.57849088e-05  9.98359196e-01
  3.10272946e-01  4.10863768e-05  9.98400282e-01
  3.11272313e-01  3.97610098e-05  9.98440043e-01
  3.12271680e-01  3.44595418e-05  9.98474503e-01
  3.13271046e-01  2.12058719e-05  9.98495708e-01
  3.14270413e-01  2.38566059e-05  9.98519565e-01
  3.15269779e-01  3.31341749e-05  9.98552699e-01
  3.16269146e-01  2.51819729e-05  9.98577881e-01
  3.17268513e-01  2.65073399e-05  9.98604389e-01
  3.18267879e-01  2.65073399e-05  9.98630896e-01
  3.19267246e-01  2.91580739e-05  9.98660054e-01
  3.20266613e-01  2.38566059e-05  9.98683911e-01
  3.21265979e-01  2.12058719e-05  9.98705116e-01
  3.22265346e-01  3.04834409e-05  9.98735600e-01
  3.23264712e-01  2.51819729e-05  9.98760782e-01
  3.24264079e-01  2.51819729e-05  9.98785964e-01
  3.25263446e-01  2.78327069e-05  9.98813797e-01
  3.26262812e-01  2.65073399e-05  9.98840304e-01
  3.27262179e-01  2.25312389e-05  9.98862835e-01
  3.28261546e-01  2.65073399e-05  9.98889342e-01
  3.29260912e-01  2.51819729e-05  9.98914524e-01
  3.30260279e-01  2.78327069e-05  9.98942357e-01
  3.31259645e-01  1.98805049e-05  9.98962238e-01
  3.32259012e-01  2.78327069e-05  9.98990070e-01
  3.33258379e-01  2.25312389e-05  9.99012602e-01
  3.34257745e-01  1.45790369e-05  9.99027181e-01
  3.35257112e-01  2.65073399e-05  9.99053688e-01
  3.36256479e-01  1.06029360e-05  9.99064291e-01
  3.37255845e-01  2.12058719e-05  9.99085497e-01
  3.38255212e-01  1.72297709e-05  9.99102727e-01
  3.39254578e-01  2.25312389e-05  9.99125258e-01
  3.40253945e-01  1.59044039e-05  9.99141162e-01
  3.41253312e-01  1.98805049e-05  9.99161043e-01
  3.42252678e-01  1.19283029e-05  9.99172971e-01
  3.43252045e-01  1.85551379e-05  9.99191526e-01
  3.44251412e-01  6.62683497e-06  9.99198153e-01
  3.45250778e-01  1.59044039e-05  9.99214057e-01
  3.46250145e-01  2.38566059e-05  9.99237914e-01
  3.47249511e-01  2.25312389e-05  9.99260445e-01
  3.48248878e-01  1.32536699e-05  9.99273699e-01
  3.49248245e-01  2.12058719e-05  9.99294905e-01
  3.50247611e-01  1.98805049e-05  9.99314785e-01
  3.51246978e-01  1.59044039e-05  9.99330690e-01
  3.52246345e-01  1.59044039e-05  9.99346594e-01
  3.53245711e-01  1.98805049e-05  9.99366475e-01
  3.54245078e-01  1.98805049e-05  9.99386355e-01
  3.55244444e-01  1.45790369e-05  9.99400934e-01
  3.56243811e-01  1.85551379e-05  9.99419489e-01
  3.57243178e-01  1.06029360e-05  9.99430092e-01
  3.58242544e-01  1.59044039e-05  9.99445997e-01
  3.59241911e-01  9.27756896e-06  9.99455274e-01
  3.60241278e-01  9.27756896e-06  9.99464552e-01
  3.61240644e-01  5.30146798e-06  9.99469853e-01
  3.62240011e-01  7.95220196e-06  9.99477805e-01
  3.63239377e-01  1.45790369e-05  9.99492384e-01
  3.64238744e-01  1.59044039e-05  9.99508289e-01
  3.65238111e-01  7.95220196e-06  9.99516241e-01
  3.66237477e-01  1.59044039e-05  9.99532145e-01
  3.67236844e-01  5.30146798e-06  9.99537447e-01
  3.68236211e-01  5.30146798e-06  9.99542748e-01
  3.69235577e-01  9.27756896e-06  9.99552026e-01
  3.70234944e-01  7.95220196e-06  9.99559978e-01
  3.71234310e-01  1.32536699e-05  9.99573232e-01
  3.72233677e-01  1.45790369e-05  9.99587811e-01
  3.73233044e-01  3.97610098e-06  9.99591787e-01
  3.74232410e-01  9.27756896e-06  9.99601065e-01
  3.75231777e-01  6.62683497e-06  9.99607691e-01
  3.76231144e-01  3.97610098e-06  9.99611667e-01
  3.77230510e-01  1.06029360e-05  9.99622270e-01
  3.78229877e-01  7.95220196e-06  9.99630223e-01
  3.79229243e-01  3.97610098e-06  9.99634199e-01
  3.80228610e-01  9.27756896e-06  9.99643476e-01
  3.81227977e-01  7.95220196e-06  9.99651428e-01
  3.82227343e-01  5.30146798e-06  9.99656730e-01
  3.83226710e-01  5.30146798e-06  9.99662031e-01
  3.84226076e-01  3.97610098e-06  9.99666008e-01
  3.85225443e-01  1.19283029e-05  9.99677936e-01
  3.86224810e-01  1.32536699e-05  9.99691189e-01
  3.87224176e-01  7.95220196e-06  9.99699142e-01
  3.88223543e-01  3.97610098e-06  9.99703118e-01
  3.89222910e-01  5.30146798e-06  9.99708419e-01
  3.90222276e-01  5.30146798e-06  9.99713721e-01
  3.91221643e-01  7.95220196e-06  9.99721673e-01
  3.92221009e-01  7.95220196e-06  9.99729625e-01
  3.93220376e-01  7.95220196e-06  9.99737577e-01
  3.94219743e-01  6.62683497e-06  9.99744204e-01
  3.95219109e-01  3.97610098e-06  9.99748180e-01
  3.96218476e-01  2.65073399e-06  9.99750831e-01
  3.97217843e-01  3.97610098e-06  9.99754807e-01
  3.98217209e-01  7.95220196e-06  9.99762759e-01
  3.99216576e-01  1.32536699e-06  9.99764085e-01
  4.00215942e-01  5.30146798e-06  9.99769386e-01
  4.01215309e-01  7.95220196e-06  9.99777338e-01
  4.02214676e-01  5.30146798e-06  9.99782640e-01
  4.03214042e-01  5.30146798e-06  9.99787941e-01
  4.04213409e-01  5.30146798e-06  9.99793243e-01
  4.05212776e-01  1.32536699e-06  9.99794568e-01
  4.06212142e-01  2.65073399e-06  9.99797219e-01
  4.07211509e-01  5.30146798e-06  9.99802520e-01
  4.08210875e-01  2.65073399e-06  9.99805171e-01
  4.09210242e-01  6.62683497e-06  9.99811798e-01
  4.10209609e-01  2.65073399e-06  9.99814449e-01
  4.11208975e-01  3.97610098e-06  9.99818425e-01
  4.12208342e-01  2.65073399e-06  9.99821075e-01
  4.13207709e-01  3.97610098e-06  9.99825052e-01
  4.14207075e-01  2.65073399e-06  9.99827702e-01
  4.15206442e-01  3.97610098e-06  9.99831678e-01
  4.16205808e-01  1.32536699e-06  9.99833004e-01
  4.17205175e-01  3.97610098e-06  9.99836980e-01
  4.18204542e-01  2.65073399e-06  9.99839631e-01
  4.19203908e-01  3.97610098e-06  9.99843607e-01
  4.20203275e-01  3.97610098e-06  9.99847583e-01
  4.21202642e-01  3.97610098e-06  9.99851559e-01
  4.22202008e-01  2.65073399e-06  9.99854210e-01
  4.23201375e-01  1.32536699e-06  9.99855535e-01
  4.24200741e-01  1.32536699e-06  9.99856860e-01
  4.25200108e-01  1.32536699e-06  9.99858186e-01
  4.26199475e-01  2.65073399e-06  9.99860836e-01
  4.27198841e-01  1.32536699e-06  9.99862162e-01
  4.28198208e-01  2.65073399e-06  9.99864813e-01
  4.29197575e-01  3.97610098e-06  9.99868789e-01
  4.30196941e-01  0.00000000e+00  9.99868789e-01
  4.31196308e-01  2.65073399e-06  9.99871439e-01
  4.32195674e-01  2.65073399e-06  9.99874090e-01
  4.33195041e-01  5.30146798e-06  9.99879392e-01
  4.34194408e-01  0.00000000e+00  9.99879392e-01
  4.35193774e-01  3.97610098e-06  9.99883368e-01
  4.36193141e-01  2.65073399e-06  9.99886018e-01
  4.37192508e-01  2.65073399e-06  9.99888669e-01
  4.38191874e-01  2.65073399e-06  9.99891320e-01
  4.39191241e-01  0.00000000e+00  9.99891320e-01
  4.40190607e-01  3.97610098e-06  9.99895296e-01
  4.41189974e-01  0.00000000e+00  9.99895296e-01
  4.42189341e-01  1.32536699e-06  9.99896621e-01
  4.43188707e-01  1.32536699e-06  9.99897947e-01
  4.44188074e-01  3.97610098e-06  9.99901923e-01
  4.45187441e-01  1.32536699e-06  9.99903248e-01
  4.46186807e-01  2.65073399e-06  9.99905899e-01
  4.47186174e-01  3.97610098e-06  9.99909875e-01
  4.48185540e-01  2.65073399e-06  9.99912526e-01
  4.49184907e-01  3.97610098e-06  9.99916502e-01
  4.50184274e-01  2.65073399e-06  9.99919153e-01
  4.51183640e-01  0.00000000e+00  9.99919153e-01
  4.52183007e-01  2.65073399e-06  9.99921803e-01
  4.53182374e-01  1.32536699e-06  9.99923129e-01
  4.54181740e-01  0.00000000e+00  9.99923129e-01
  4.55181107e-01  2.65073399e-06  9.99925779e-01
  4.56180473e-01  6.62683497e-06  9.99932406e-01
  4.57179840e-01  3.97610098e-06  9.99936382e-01
  4.58179207e-01  2.65073399e-06  9.99939033e-01
  4.59178573e-01  0.00000000e+00  9.99939033e-01
  4.60177940e-01  1.32536699e-06  9.99940358e-01
  4.61177307e-01  0.00000000e+00  9.99940358e-01
  4.62176673e-01  1.32536699e-06  9.99941684e-01
  4.63176040e-01  5.30146798e-06  9.99946985e-01
  4.64175406e-01  1.32536699e-06  9.99948311e-01
  4.65174773e-01  1.32536699e-06  9.99949636e-01
  4.66174140e-01  0.00000000e+00  9.99949636e-01
  4.67173506e-01  3.97610098e-06  9.99953612e-01
  4.68172873e-01  1.32536699e-06  9.99954938e-01
  4.69172239e-01  2.65073399e-06  9.99957588e-01
  4.70171606e-01  0.00000000e+00  9.99957588e-01
  4.71170973e-01  0.00000000e+00  9.99957588e-01
  4.72170339e-01  1.32536699e-06  9.99958914e-01
  4.73169706e-01  0.00000000e+00  9.99958914e-01
  4.74169073e-01  0.00000000e+00  9.99958914e-01
  4.75168439e-01  2.65073399e-06  9.99961564e-01
  4.76167806e-01  1.32536699e-06  9.99962890e-01
  4.77167172e-01  0.00000000e+00  9.99962890e-01
  4.78166539e-01  0.00000000e+00  9.99962890e-01
  4.79165906e-01  0.00000000e+00  9.99962890e-01
  4.80165272e-01  2.65073399e-06  9.99965540e-01
  4.81164639e-01  1.32536699e-06  9.99966866e-01
  4.82164006e-01  1.32536699e-06  9.99968191e-01
  4.83163372e-01  0.00000000e+00  9.99968191e-01
  4.84162739e-01  0.00000000e+00  9.99968191e-01
  4.85162105e-01  0.00000000e+00  9.99968191e-01
  4.86161472e-01  0.00000000e+00  9.99968191e-01
  4.87160839e-01  0.00000000e+00  9.99968191e-01
  4.88160205e-01  0.00000000e+00  9.99968191e-01
  4.89159572e-01  1.32536699e-06  9.99969517e-01
  4.90158939e-01  0.00000000e+00  9.99969517e-01
  4.91158305e-01  1.32536699e-06  9.99970842e-01
  4.92157672e-01  1.32536699e-06  9.99972167e-01
  4.93157038e-01  0.00000000e+00  9.99972167e-01
  4.94156405e-01  1.32536699e-06  9.99973493e-01
  4.95155772e-01  1.32536699e-06  9.99974818e-01
  4.96155138e-01  0.00000000e+00  9.99974818e-01
  4.97154505e-01  1.32536699e-06  9.99976143e-01
  4.98153872e-01  0.00000000e+00  9.99976143e-01
  4.99153238e-01  1.32536699e-06  9.99977469e-01
  5.00152605e-01  1.32536699e-06  9.99978794e-01
  5.01151971e-01  0.00000000e+00  9.99978794e-01
  5.02151338e-01  0.00000000e+00  9.99978794e-01
  5.03150705e-01  0.00000000e+00  9.99978794e-01
  5.04150071e-01  0.00000000e+00  9.99978794e-01
  5.05149438e-01  0.00000000e+00  9.99978794e-01
  5.06148805e-01  0.00000000e+00  9.99978794e-01
  5.07148171e-01  0.00000000e+00  9.99978794e-01
  5.08147538e-01  0.00000000e+00  9.99978794e-01
  5.09146904e-01  0.00000000e+00  9.99978794e-01
  5.10146271e-01  0.00000000e+00  9.99978794e-01
  5.11145638e-01  0.00000000e+00  9.99978794e-01
  5.12145004e-01  0.00000000e+00  9.99978794e-01
  5.13144371e-01  0.00000000e+00  9.99978794e-01
  5.14143738e-01  2.65073399e-06  9.99981445e-01
  5.15143104e-01  0.00000000e+00  9.99981445e-01
  5.16142471e-01  0.00000000e+00  9.99981445e-01
  5.17141837e-01  0.00000000e+00  9.99981445e-01
  5.18141204e-01  0.00000000e+00  9.99981445e-01
  5.19140571e-01  0.00000000e+00  9.99981445e-01
  5.20139937e-01  0.00000000e+00  9.99981445e-01
  5.21139304e-01  1.32536699e-06  9.99982770e-01
  5.22138671e-01  1.32536699e-06  9.99984096e-01
  5.23138037e-01  0.00000000e+00  9.99984096e-01
  5.24137404e-01  0.00000000e+00  9.99984096e-01
  5.25136770e-01  0.00000000e+00  9.99984096e-01
  5.26136137e-01  1.32536699e-06  9.99985421e-01
  5.27135504e-01  0.00000000e+00  9.99985421e-01
  5.28134870e-01  0.00000000e+00  9.99985421e-01
  5.29134237e-01  2.65073399e-06  9.99988072e-01
  5.30133604e-01  0.00000000e+00  9.99988072e-01
  5.31132970e-01  0.00000000e+00  9.99988072e-01
  5.32132337e-01  0.00000000e+00  9.99988072e-01
  5.33131703e-01  0.00000000e+00  9.99988072e-01
  5.34131070e-01  0.00000000e+00  9.99988072e-01
  5.35130437e-01  0.00000000e+00  9.99988072e-01
  5.36129803e-01  0.00000000e+00  9.99988072e-01
  5.37129170e-01  1.32536699e-06  9.99989397e-01
  5.38128537e-01  0.00000000e+00  9.99989397e-01
  5.39127903e-01  0.00000000e+00  9.99989397e-01
  5.40127270e-01  0.00000000e+00  9.99989397e-01
  5.41126636e-01  0.00000000e+00  9.99989397e-01
  5.42126003e-01  0.00000000e+00  9.99989397e-01
  5.43125370e-01  0.00000000e+00  9.99989397e-01
  5.44124736e-01  0.00000000e+00  9.99989397e-01
  5.45124103e-01  0.00000000e+00  9.99989397e-01
  5.46123470e-01  1.32536699e-06  9.99990722e-01
  5.47122836e-01  0.00000000e+00  9.99990722e-01
  5.48122203e-01  1.32536699e-06  9.99992048e-01
  5.49121569e-01  0.00000000e+00  9.99992048e-01
  5.50120936e-01  0.00000000e+00  9.99992048e-01
  5.51120303e-01  0.00000000e+00  9.99992048e-01
  5.52119669e-01  1.32536699e-06  9.99993373e-01
  5.53119036e-01  0.00000000e+00  9.99993373e-01
  5.54118402e-01  0.00000000e+00  9.99993373e-01
  5.55117769e-01  0.00000000e+00  9.99993373e-01
  5.56117136e-01  1.32536699e-06  9.99994699e-01
  5.57116502e-01  0.00000000e+00  9.99994699e-01
  5.58115869e-01  0.00000000e+00  9.99994699e-01
  5.59115236e-01  0.00000000e+00  9.99994699e-01
  5.60114602e-01  0.00000000e+00  9.99994699e-01
  5.61113969e-01  1.32536699e-06  9.99996024e-01
  5.62113335e-01  0.00000000e+00  9.99996024e-01
  5.63112702e-01  0.00000000e+00  9.99996024e-01
  5.64112069e-01  0.00000000e+00  9.99996024e-01
  5.65111435e-01  0.00000000e+00  9.99996024e-01
  5.66110802e-01  0.00000000e+00  9.99996024e-01
  5.67110169e-01  0.00000000e+00  9.99996024e-01
  5.68109535e-01  0.00000000e+00  9.99996024e-01
  5.69108902e-01  0.00000000e+00  9.99996024e-01
  5.70108268e-01  0.00000000e+00  9.99996024e-01
  5.71107635e-01  0.00000000e+00  9.99996024e-01
  5.72107002e-01  0.00000000e+00  9.99996024e-01
  5.73106368e-01  0.00000000e+00  9.99996024e-01
  5.74105735e-01  0.00000000e+00  9.99996024e-01
  5.75105102e-01  0.00000000e+00  9.99996024e-01
  5.76104468e-01  0.00000000e+00  9.99996024e-01
  5.77103835e-01  0.00000000e+00  9.99996024e-01
  5.78103201e-01  0.00000000e+00  9.99996024e-01
  5.79102568e-01  0.00000000e+00  9.99996024e-01
  5.80101935e-01  0.00000000e+00  9.99996024e-01
  5.81101301e-01  1.32536699e-06  9.99997349e-01
  5.82100668e-01  0.00000000e+00  9.99997349e-01
  5.83100035e-01  0.00000000e+00  9.99997349e-01
  5.84099401e-01  0.00000000e+00  9.99997349e-01
  5.85098768e-01  1.32536699e-06  9.99998675e-01
  5.86098134e-01  0.00000000e+00  9.99998675e-01
  5.87097501e-01  0.00000000e+00  9.99998675e-01
  5.88096868e-01  0.00000000e+00  9.99998675e-01
  5.89096234e-01  0.00000000e+00  9.99998675e-01
  5.90095601e-01  0.00000000e+00  9.99998675e-01
  5.91094968e-01  1.32536699e-06  1.00000000e+00
  5.92094334e-01  0.00000000e+00  1.00000000e+00
  5.93093701e-01  0.00000000e+00  1.00000000e+00
  5.94093067e-01  0.00000000e+00  1.00000000e+00
  5.95092434e-01  0.00000000e+00  1.00000000e+00
  5.96091801e-01  0.00000000e+00  1.00000000e+00
