 -5.30029589e-02  0.00000000e+00  0.00000000e+00
 -5.20035923e-02  1.32567271e-06  1.32567271e-06
 -5.10042256e-02  0.00000000e+00  1.32567271e-06
 -5.00048590e-02  0.00000000e+00  1.32567271e-06
 -4.90054924e-02  0.00000000e+00  1.32567271e-06
 -4.80061258e-02  0.00000000e+00  1.32567271e-06
 -4.70067591e-02  0.00000000e+00  1.32567271e-06
 -4.60073925e-02  0.00000000e+00  1.32567271e-06
 -4.50080259e-02  0.00000000e+00  1.32567271e-06
 -4.40086593e-02  0.00000000e+00  1.32567271e-06
 -4.30092927e-02  0.00000000e+00  1.32567271e-06
 -4.20099260e-02  0.00000000e+00  1.32567271e-06
 -4.10105594e-02  0.00000000e+00  1.32567271e-06
 -4.00111928e-02  0.00000000e+00  1.32567271e-06
 -3.90118262e-02  0.00000000e+00  1.32567271e-06
 -3.80124595e-02  0.00000000e+00  1.32567271e-06
 -3.70130929e-02  0.00000000e+00  1.32567271e-06
 -3.60137263e-02  0.00000000e+00  1.32567271e-06
 -3.50143597e-02  0.00000000e+00  1.32567271e-06
 -3.40149930e-02  1.32567271e-06  2.65134543e-06
 -3.30156264e-02  0.00000000e+00  2.65134543e-06
 -3.20162598e-02  0.00000000e+00  2.65134543e-06
 -3.10168932e-02  2.65134543e-06  5.30269085e-06
 -3.00175265e-02  0.00000000e+00  5.30269085e-06
 -2.90181599e-02  0.00000000e+00  5.30269085e-06
 -2.80187933e-02  0.00000000e+00  5.30269085e-06
 -2.70194267e-02  0.00000000e+00  5.30269085e-06
 -2.60200601e-02  0.00000000e+00  5.30269085e-06
 -2.50206934e-02  0.00000000e+00  5.30269085e-06
 -2.40213268e-02  1.32567271e-06  6.62836356e-06
 -2.30219602e-02  0.00000000e+00  6.62836356e-06
 -2.20225936e-02  0.00000000e+00  6.62836356e-06
 -2.10232269e-02  0.00000000e+00  6.62836356e-06
 -2.00238603e-02  0.00000000e+00  6.62836356e-06
 -1.90244937e-02  1.32567271e-06  7.95403628e-06
 -1.80251271e-02  0.00000000e+00  7.95403628e-06
 -1.70257604e-02  0.00000000e+00  7.95403628e-06
 -1.60263938e-02  1.32567271e-06  9.27970899e-06
 -1.50270272e-02  1.32567271e-06  1.06053817e-05
 -1.40276606e-02  0.00000000e+00  1.06053817e-05
 -1.30282939e-02  1.32567271e-06  1.19310544e-05
 -1.20289273e-02  0.00000000e+00  1.19310544e-05
 -1.10295607e-02  0.00000000e+00  1.19310544e-05
 -1.00301941e-02  0.00000000e+00  1.19310544e-05
 -9.03082745e-03  0.00000000e+00  1.19310544e-05
 -8.03146083e-03  0.00000000e+00  1.19310544e-05
 -7.03209420e-03  1.32567271e-06  1.32567271e-05
 -6.03272758e-03  0.00000000e+00  1.32567271e-05
 -5.03336096e-03  0.00000000e+00  1.32567271e-05
 -4.03399433e-03  1.32567271e-06  1.45823998e-05
 -3.03462771e-03  0.00000000e+00  1.45823998e-05
 -2.03526109e-03  1.32567271e-06  1.59080726e-05
 -1.03589446e-03  0.00000000e+00  1.59080726e-05
 -3.65278386e-05  0.00000000e+00  1.59080726e-05
  9.62838785e-04  1.32567271e-06  1.72337453e-05
  1.96220541e-03  0.00000000e+00  1.72337453e-05
  2.96157203e-03  0.00000000e+00  1.72337453e-05
  3.96093866e-03  0.00000000e+00  1.72337453e-05
  4.96030528e-03  0.00000000e+00  1.72337453e-05
  5.95967190e-03  2.65134543e-06  1.98850907e-05
  6.95903853e-03  0.00000000e+00  1.98850907e-05
  7.95840515e-03  2.65134543e-06  2.25364361e-05
  8.95777177e-03  2.65134543e-06  2.51877815e-05
  9.95713840e-03  1.32567271e-06  2.65134543e-05
  1.09565050e-02  0.00000000e+00  2.65134543e-05
  1.19558716e-02  1.32567271e-06  2.78391270e-05
  1.29552383e-02  1.32567271e-06  2.91647997e-05
  1.39546049e-02  2.65134543e-06  3.18161451e-05
  1.49539715e-02  1.32567271e-06  3.31418178e-05
  1.59533381e-02  2.65134543e-06  3.57931632e-05
  1.69527048e-02  2.65134543e-06  3.84445087e-05
  1.79520714e-02  1.32567271e-06  3.97701814e-05
  1.89514380e-02  1.32567271e-06  4.10958541e-05
  1.99508046e-02  1.32567271e-06  4.24215268e-05
  2.09501713e-02  1.32567271e-06  4.37471995e-05
  2.19495379e-02  1.32567271e-06  4.50728722e-05
  2.29489045e-02  2.65134543e-06  4.77242177e-05
  2.39482711e-02  0.00000000e+00  4.77242177e-05
  2.49476378e-02  3.97701814e-06  5.17012358e-05
  2.59470044e-02  1.32567271e-06  5.30269085e-05
  2.69463710e-02  2.65134543e-06  5.56782539e-05
  2.79457376e-02  2.65134543e-06  5.83295994e-05
  2.89451042e-02  3.97701814e-06  6.23066175e-05
  2.99444709e-02  3.97701814e-06  6.62836356e-05
  3.09438375e-02  1.32567271e-06  6.76093083e-05
  3.19432041e-02  1.32567271e-06  6.89349811e-05
  3.29425707e-02  1.32567271e-06  7.02606538e-05
  3.39419374e-02  0.00000000e+00  7.02606538e-05
  3.49413040e-02  1.32567271e-06  7.15863265e-05
  3.59406706e-02  3.97701814e-06  7.55633446e-05
  3.69400372e-02  2.65134543e-06  7.82146900e-05
  3.79394039e-02  2.65134543e-06  8.08660355e-05
  3.89387705e-02  1.32567271e-06  8.21917082e-05
  3.99381371e-02  2.65134543e-06  8.48430536e-05
  4.09375037e-02  0.00000000e+00  8.48430536e-05
  4.19368704e-02  2.65134543e-06  8.74943990e-05
  4.29362370e-02  1.32567271e-06  8.88200717e-05
  4.39356036e-02  3.97701814e-06  9.27970899e-05
  4.49349702e-02  5.30269085e-06  9.80997807e-05
  4.59343368e-02  3.97701814e-06  1.02076799e-04
  4.69337035e-02  6.62836356e-06  1.08705162e-04
  4.79330701e-02  5.30269085e-06  1.14007853e-04
  4.89324367e-02  3.97701814e-06  1.17984871e-04
  4.99318033e-02  5.30269085e-06  1.23287562e-04
  5.09311700e-02  2.65134543e-06  1.25938908e-04
  5.19305366e-02  3.97701814e-06  1.29915926e-04
  5.29299032e-02  2.65134543e-06  1.32567271e-04
  5.39292698e-02  1.32567271e-06  1.33892944e-04
  5.49286365e-02  5.30269085e-06  1.39195635e-04
  5.59280031e-02  7.95403628e-06  1.47149671e-04
  5.69273697e-02  2.65134543e-06  1.49801017e-04
  5.79267363e-02  3.97701814e-06  1.53778035e-04
  5.89261030e-02  2.65134543e-06  1.56429380e-04
  5.99254696e-02  7.95403628e-06  1.64383416e-04
  6.09248362e-02  6.62836356e-06  1.71011780e-04
  6.19242028e-02  0.00000000e+00  1.71011780e-04
  6.29235694e-02  3.97701814e-06  1.74988798e-04
  6.39229361e-02  6.62836356e-06  1.81617162e-04
  6.49223027e-02  5.30269085e-06  1.86919852e-04
  6.59216693e-02  3.97701814e-06  1.90896871e-04
  6.69210359e-02  3.97701814e-06  1.94873889e-04
  6.79204026e-02  7.95403628e-06  2.02827925e-04
  6.89197692e-02  3.97701814e-06  2.06804943e-04
  6.99191358e-02  9.27970899e-06  2.16084652e-04
  7.09185024e-02  7.95403628e-06  2.24038688e-04
  7.19178691e-02  5.30269085e-06  2.29341379e-04
  7.29172357e-02  1.06053817e-05  2.39946761e-04
  7.39166023e-02  1.06053817e-05  2.50552143e-04
  7.49159689e-02  9.27970899e-06  2.59831852e-04
  7.59153356e-02  9.27970899e-06  2.69111561e-04
  7.69147022e-02  3.97701814e-06  2.73088579e-04
  7.79140688e-02  9.27970899e-06  2.82368288e-04
  7.89134354e-02  7.95403628e-06  2.90322324e-04
  7.99128020e-02  7.95403628e-06  2.98276360e-04
  8.09121687e-02  2.65134543e-06  3.00927706e-04
  8.19115353e-02  5.30269085e-06  3.06230397e-04
  8.29109019e-02  7.95403628e-06  3.14184433e-04
  8.39102685e-02  1.59080726e-05  3.30092505e-04
  8.49096352e-02  7.95403628e-06  3.38046542e-04
  8.59090018e-02  9.27970899e-06  3.47326251e-04
  8.69083684e-02  9.27970899e-06  3.56605960e-04
  8.79077350e-02  9.27970899e-06  3.65885669e-04
  8.89071017e-02  7.95403628e-06  3.73839705e-04
  8.99064683e-02  1.06053817e-05  3.84445087e-04
  9.09058349e-02  1.45823998e-05  3.99027486e-04
  9.19052015e-02  1.59080726e-05  4.14935559e-04
  9.29045682e-02  5.30269085e-06  4.20238250e-04
  9.39039348e-02  3.97701814e-06  4.24215268e-04
  9.49033014e-02  1.32567271e-05  4.37471995e-04
  9.59026680e-02  1.85594180e-05  4.56031413e-04
  9.69020346e-02  1.85594180e-05  4.74590831e-04
  9.79014013e-02  1.06053817e-05  4.85196213e-04
  9.89007679e-02  1.45823998e-05  4.99778613e-04
  9.99001345e-02  1.32567271e-05  5.13035340e-04
  1.00899501e-01  9.27970899e-06  5.22315049e-04
  1.01898868e-01  5.30269085e-06  5.27617740e-04
  1.02898234e-01  1.45823998e-05  5.42200139e-04
  1.03897601e-01  1.59080726e-05  5.58108212e-04
  1.04896968e-01  1.06053817e-05  5.68713594e-04
  1.05896334e-01  1.06053817e-05  5.79318975e-04
  1.06895701e-01  6.62836356e-06  5.85947339e-04
  1.07895068e-01  7.95403628e-06  5.93901375e-04
  1.08894434e-01  1.32567271e-05  6.07158102e-04
  1.09893801e-01  6.62836356e-06  6.13786466e-04
  1.10893167e-01  1.45823998e-05  6.28368866e-04
  1.11892534e-01  1.85594180e-05  6.46928284e-04
  1.12891901e-01  1.32567271e-05  6.60185011e-04
  1.13891267e-01  1.45823998e-05  6.74767411e-04
  1.14890634e-01  1.32567271e-05  6.88024138e-04
  1.15890000e-01  2.51877815e-05  7.13211919e-04
  1.16889367e-01  1.85594180e-05  7.31771337e-04
  1.17888734e-01  2.12107634e-05  7.52982101e-04
  1.18888100e-01  1.85594180e-05  7.71541519e-04
  1.19887467e-01  1.06053817e-05  7.82146900e-04
  1.20886834e-01  2.12107634e-05  8.03357664e-04
  1.21886200e-01  1.98850907e-05  8.23242755e-04
  1.22885567e-01  2.12107634e-05  8.44453518e-04
  1.23884933e-01  1.59080726e-05  8.60361590e-04
  1.24884300e-01  1.19310544e-05  8.72292645e-04
  1.25883667e-01  1.85594180e-05  8.90852063e-04
  1.26883033e-01  1.85594180e-05  9.09411481e-04
  1.27882400e-01  1.72337453e-05  9.26645226e-04
  1.28881767e-01  2.25364361e-05  9.49181662e-04
  1.29881133e-01  2.78391270e-05  9.77020789e-04
  1.30880500e-01  2.91647997e-05  1.00618559e-03
  1.31879866e-01  1.72337453e-05  1.02341933e-03
  1.32879233e-01  2.91647997e-05  1.05258413e-03
  1.33878600e-01  1.59080726e-05  1.06849221e-03
  1.34877966e-01  2.51877815e-05  1.09367999e-03
  1.35877333e-01  2.12107634e-05  1.11489075e-03
  1.36876700e-01  2.38621088e-05  1.13875286e-03
  1.37876066e-01  1.98850907e-05  1.15863795e-03
  1.38875433e-01  1.85594180e-05  1.17719737e-03
  1.39874799e-01  2.25364361e-05  1.19973380e-03
  1.40874166e-01  2.12107634e-05  1.22094457e-03
  1.41873533e-01  2.38621088e-05  1.24480668e-03
  1.42872899e-01  3.04904724e-05  1.27529715e-03
  1.43872266e-01  2.12107634e-05  1.29650791e-03
  1.44871633e-01  3.57931632e-05  1.33230108e-03
  1.45870999e-01  2.91647997e-05  1.36146588e-03
  1.46870366e-01  2.78391270e-05  1.38930500e-03
  1.47869732e-01  2.78391270e-05  1.41714413e-03
  1.48869099e-01  4.24215268e-05  1.45956566e-03
  1.49868466e-01  2.91647997e-05  1.48873046e-03
  1.50867832e-01  2.78391270e-05  1.51656958e-03
  1.51867199e-01  2.65134543e-05  1.54308304e-03
  1.52866566e-01  2.51877815e-05  1.56827082e-03
  1.53865932e-01  3.71188360e-05  1.60538965e-03
  1.54865299e-01  3.18161451e-05  1.63720580e-03
  1.55864665e-01  4.10958541e-05  1.67830165e-03
  1.56864032e-01  2.78391270e-05  1.70614078e-03
  1.57863399e-01  4.10958541e-05  1.74723664e-03
  1.58862765e-01  3.57931632e-05  1.78302980e-03
  1.59862132e-01  2.78391270e-05  1.81086893e-03
  1.60861499e-01  3.31418178e-05  1.84401074e-03
  1.61860865e-01  3.71188360e-05  1.88112958e-03
  1.62860232e-01  4.37471995e-05  1.92487678e-03
  1.63859598e-01  3.57931632e-05  1.96066994e-03
  1.64858965e-01  3.57931632e-05  1.99646311e-03
  1.65858332e-01  4.24215268e-05  2.03888463e-03
  1.66857698e-01  4.50728722e-05  2.08395750e-03
  1.67857065e-01  3.57931632e-05  2.11975067e-03
  1.68856432e-01  4.24215268e-05  2.16217219e-03
  1.69855798e-01  3.71188360e-05  2.19929103e-03
  1.70855165e-01  4.37471995e-05  2.24303823e-03
  1.71854531e-01  4.50728722e-05  2.28811110e-03
  1.72853898e-01  4.77242177e-05  2.33583532e-03
  1.73853265e-01  3.57931632e-05  2.37162848e-03
  1.74852631e-01  2.65134543e-05  2.39814194e-03
  1.75851998e-01  4.50728722e-05  2.44321481e-03
  1.76851365e-01  5.03755631e-05  2.49359037e-03
  1.77850731e-01  4.24215268e-05  2.53601190e-03
  1.78850098e-01  4.77242177e-05  2.58373612e-03
  1.79849464e-01  4.90498904e-05  2.63278601e-03
  1.80848831e-01  5.96552721e-05  2.69244128e-03
  1.81848198e-01  3.84445087e-05  2.73088579e-03
  1.82847564e-01  4.10958541e-05  2.77198164e-03
  1.83846931e-01  4.63985449e-05  2.81838019e-03
  1.84846298e-01  3.71188360e-05  2.85549902e-03
  1.85845664e-01  4.63985449e-05  2.90189757e-03
  1.86845031e-01  4.77242177e-05  2.94962179e-03
  1.87844397e-01  5.96552721e-05  3.00927706e-03
  1.88843764e-01  5.70039266e-05  3.06628098e-03
  1.89843131e-01  4.50728722e-05  3.11135386e-03
  1.90842497e-01  3.97701814e-05  3.15112404e-03
  1.91841864e-01  6.89349811e-05  3.22005902e-03
  1.92841231e-01  5.56782539e-05  3.27573727e-03
  1.93840597e-01  5.30269085e-05  3.32876418e-03
  1.94839964e-01  5.96552721e-05  3.38841945e-03
  1.95839330e-01  5.83295994e-05  3.44674905e-03
  1.96838697e-01  4.37471995e-05  3.49049625e-03
  1.97838064e-01  5.17012358e-05  3.54219749e-03
  1.98837430e-01  6.49579629e-05  3.60715545e-03
  1.99836797e-01  8.21917082e-05  3.68934716e-03
  2.00836164e-01  6.09809448e-05  3.75032810e-03
  2.01835530e-01  6.36322902e-05  3.81396039e-03
  2.02834897e-01  7.29119992e-05  3.88687239e-03
  2.03834263e-01  6.23066175e-05  3.94917901e-03
  2.04833630e-01  9.54484353e-05  4.04462745e-03
  2.05832997e-01  6.09809448e-05  4.10560839e-03
  2.06832363e-01  8.61687263e-05  4.19177712e-03
  2.07831730e-01  7.02606538e-05  4.26203777e-03
  2.08831096e-01  6.89349811e-05  4.33097275e-03
  2.09830463e-01  5.83295994e-05  4.38930235e-03
  2.10829830e-01  6.09809448e-05  4.45028330e-03
  2.11829196e-01  7.02606538e-05  4.52054395e-03
  2.12828563e-01  5.30269085e-05  4.57357086e-03
  2.13827930e-01  8.48430536e-05  4.65841391e-03
  2.14827296e-01  5.83295994e-05  4.71674351e-03
  2.15826663e-01  8.08660355e-05  4.79760955e-03
  2.16826029e-01  8.48430536e-05  4.88245260e-03
  2.17825396e-01  6.76093083e-05  4.95006191e-03
  2.18824763e-01  6.36322902e-05  5.01369420e-03
  2.19824129e-01  9.27970899e-05  5.10649129e-03
  2.20823496e-01  7.95403628e-05  5.18603165e-03
  2.21822863e-01  7.82146900e-05  5.26424634e-03
  2.22822229e-01  9.67741080e-05  5.36102045e-03
  2.23821596e-01  9.41227626e-05  5.45514321e-03
  2.24820962e-01  7.55633446e-05  5.53070656e-03
  2.25820329e-01  9.54484353e-05  5.62615499e-03
  2.26819696e-01  9.27970899e-05  5.71895208e-03
  2.27819062e-01  8.21917082e-05  5.80114379e-03
  2.28818429e-01  8.35173809e-05  5.88466117e-03
  2.29817796e-01  9.41227626e-05  5.97878393e-03
  2.30817162e-01  9.01457445e-05  6.06892968e-03
  2.31816529e-01  8.35173809e-05  6.15244706e-03
  2.32815895e-01  9.80997807e-05  6.25054684e-03
  2.33815262e-01  1.10030835e-04  6.36057768e-03
  2.34814629e-01  8.61687263e-05  6.44674640e-03
  2.35813995e-01  9.94254534e-05  6.54617185e-03
  2.36813362e-01  9.94254534e-05  6.64559731e-03
  2.37812729e-01  8.74943990e-05  6.73309171e-03
  2.38812095e-01  7.68890173e-05  6.80998072e-03
  2.39811462e-01  1.24613235e-04  6.93459396e-03
  2.40810828e-01  1.14007853e-04  7.04860181e-03
  2.41810195e-01  1.08705162e-04  7.15730698e-03
  2.42809562e-01  1.27264580e-04  7.28457156e-03
  2.43808928e-01  9.27970899e-05  7.37736865e-03
  2.44808295e-01  1.25938908e-04  7.50330755e-03
  2.45807662e-01  1.10030835e-04  7.61333839e-03
  2.46807028e-01  9.94254534e-05  7.71276384e-03
  2.47806395e-01  9.54484353e-05  7.80821228e-03
  2.48805761e-01  1.10030835e-04  7.91824311e-03
  2.49805128e-01  1.20636217e-04  8.03887933e-03
  2.50804495e-01  1.14007853e-04  8.15288718e-03
  2.51803861e-01  1.16659199e-04  8.26954638e-03
  2.52803228e-01  1.31241599e-04  8.40078798e-03
  2.53802595e-01  1.33892944e-04  8.53468092e-03
  2.54801961e-01  1.19310544e-04  8.65399147e-03
  2.55801328e-01  1.29915926e-04  8.78390739e-03
  2.56800694e-01  1.33892944e-04  8.91780034e-03
  2.57800061e-01  1.27264580e-04  9.04506492e-03
  2.58799428e-01  1.36544289e-04  9.18160921e-03
  2.59798794e-01  1.29915926e-04  9.31152513e-03
  2.60798161e-01  1.43172653e-04  9.45469779e-03
  2.61797528e-01  1.59080726e-04  9.61377851e-03
  2.62796894e-01  1.41846980e-04  9.75562549e-03
  2.63796261e-01  1.39195635e-04  9.89482113e-03
  2.64795627e-01  1.53778035e-04  1.00485992e-02
  2.65794994e-01  1.23287562e-04  1.01718867e-02
  2.66794361e-01  1.64383416e-04  1.03362701e-02
  2.67793727e-01  1.52452362e-04  1.04887225e-02
  2.68793094e-01  1.60406398e-04  1.06491289e-02
  2.69792461e-01  1.51126689e-04  1.08002556e-02
  2.70791827e-01  1.44498326e-04  1.09447539e-02
  2.71791194e-01  1.78965816e-04  1.11237197e-02
  2.72790560e-01  1.49801017e-04  1.12735207e-02
  2.73789927e-01  1.49801017e-04  1.14233218e-02
  2.74789294e-01  1.64383416e-04  1.15877052e-02
  2.75788660e-01  1.56429380e-04  1.17441346e-02
  2.76788027e-01  1.71011780e-04  1.19151463e-02
  2.77787394e-01  1.74988798e-04  1.20901351e-02
  2.78786760e-01  1.77640143e-04  1.22677753e-02
  2.79786127e-01  1.86919852e-04  1.24546951e-02
  2.80785493e-01  1.81617162e-04  1.26363123e-02
  2.81784860e-01  1.98850907e-04  1.28351632e-02
  2.82784227e-01  1.98850907e-04  1.30340141e-02
  2.83783593e-01  2.04153598e-04  1.32381677e-02
  2.84782960e-01  1.98850907e-04  1.34370186e-02
  2.85782327e-01  1.80291489e-04  1.36173101e-02
  2.86781693e-01  2.01502252e-04  1.38188124e-02
  2.87781060e-01  2.02827925e-04  1.40216403e-02
  2.88780426e-01  2.24038688e-04  1.42456790e-02
  2.89779793e-01  1.96199561e-04  1.44418785e-02
  2.90779160e-01  1.88245525e-04  1.46301241e-02
  2.91778526e-01  2.34644070e-04  1.48647681e-02
  2.92777893e-01  2.13433307e-04  1.50782014e-02
  2.93777259e-01  2.53203488e-04  1.53314049e-02
  2.94776626e-01  2.06804943e-04  1.55382099e-02
  2.95775993e-01  2.20061670e-04  1.57582715e-02
  2.96775359e-01  2.33318397e-04  1.59915899e-02
  2.97774726e-01  2.47900797e-04  1.62394907e-02
  2.98774093e-01  2.29341379e-04  1.64688321e-02
  2.99773459e-01  2.62483197e-04  1.67313153e-02
  3.00772826e-01  2.43923779e-04  1.69752391e-02
  3.01772192e-01  2.35969743e-04  1.72112088e-02
  3.02771559e-01  2.31992725e-04  1.74432016e-02
  3.03770926e-01  2.47900797e-04  1.76911023e-02
  3.04770292e-01  2.49226470e-04  1.79403288e-02
  3.05769659e-01  2.33318397e-04  1.81736472e-02
  3.06769026e-01  2.57180506e-04  1.84308277e-02
  3.07768392e-01  2.47900797e-04  1.86787285e-02
  3.08767759e-01  2.43923779e-04  1.89226523e-02
  3.09767125e-01  2.81042615e-04  1.92036949e-02
  3.10766492e-01  2.61157524e-04  1.94648524e-02
  3.11765859e-01  2.78391270e-04  1.97432437e-02
  3.12765225e-01  2.67785888e-04  2.00110296e-02
  3.13764592e-01  2.75739924e-04  2.02867695e-02
  3.14763959e-01  2.69111561e-04  2.05558811e-02
  3.15763325e-01  2.74414252e-04  2.08302953e-02
  3.16762692e-01  2.73088579e-04  2.11033839e-02
  3.17762058e-01  3.06230397e-04  2.14096143e-02
  3.18761425e-01  2.98276360e-04  2.17078907e-02
  3.19760792e-01  2.87670979e-04  2.19955616e-02
  3.20760158e-01  2.94299342e-04  2.22898610e-02
  3.21759525e-01  3.14184433e-04  2.26040454e-02
  3.22758892e-01  2.94299342e-04  2.28983448e-02
  3.23758258e-01  3.22138469e-04  2.32204832e-02
  3.24757625e-01  3.11533087e-04  2.35320163e-02
  3.25756991e-01  2.88996651e-04  2.38210130e-02
  3.26756358e-01  3.12858760e-04  2.41338717e-02
  3.27755725e-01  2.87670979e-04  2.44215427e-02
  3.28755091e-01  3.11533087e-04  2.47330758e-02
  3.29754458e-01  3.44674905e-04  2.50777507e-02
  3.30753825e-01  3.23464142e-04  2.54012148e-02
  3.31753191e-01  3.15510106e-04  2.57167250e-02
  3.32752558e-01  3.35395196e-04  2.60521201e-02
  3.33751924e-01  3.27441160e-04  2.63795613e-02
  3.34751291e-01  3.61908651e-04  2.67414700e-02
  3.35750658e-01  3.63234323e-04  2.71047043e-02
  3.36750024e-01  3.48651923e-04  2.74533562e-02
  3.37749391e-01  3.80468069e-04  2.78338243e-02
  3.38748758e-01  3.73839705e-04  2.82076640e-02
  3.39748124e-01  3.71188360e-04  2.85788523e-02
  3.40747491e-01  3.79142396e-04  2.89579947e-02
  3.41746857e-01  3.36720869e-04  2.92947156e-02
  3.42746224e-01  3.55280287e-04  2.96499959e-02
  3.43745591e-01  3.95050468e-04  3.00450464e-02
  3.44744957e-01  3.64559996e-04  3.04096064e-02
  3.45744324e-01  3.51303269e-04  3.07609096e-02
  3.46743691e-01  3.63234323e-04  3.11241439e-02
  3.47743057e-01  3.91073450e-04  3.15152174e-02
  3.48742424e-01  3.92399123e-04  3.19076165e-02
  3.49741790e-01  4.18912577e-04  3.23265291e-02
  3.50741157e-01  4.13609886e-04  3.27401390e-02
  3.51740524e-01  4.36146322e-04  3.31762853e-02
  3.52739890e-01  4.41449013e-04  3.36177343e-02
  3.53739257e-01  4.40123341e-04  3.40578577e-02
  3.54738624e-01  4.33494977e-04  3.44913526e-02
  3.55737990e-01  4.41449013e-04  3.49328017e-02
  3.56737357e-01  4.38797668e-04  3.53715993e-02
  3.57736723e-01  4.21563923e-04  3.57931632e-02
  3.58736090e-01  4.13609886e-04  3.62067731e-02
  3.59735457e-01  4.50728722e-04  3.66575018e-02
  3.60734823e-01  4.50728722e-04  3.71082306e-02
  3.61734190e-01  5.09058322e-04  3.76172889e-02
  3.62733557e-01  4.65311122e-04  3.80826000e-02
  3.63732923e-01  4.74590831e-04  3.85571908e-02
  3.64732290e-01  4.82544867e-04  3.90397357e-02
  3.65731656e-01  4.94475922e-04  3.95342116e-02
  3.66731023e-01  4.65311122e-04  3.99995228e-02
  3.67730390e-01  4.41449013e-04  4.04409718e-02
  3.68729756e-01  4.91824576e-04  4.09327963e-02
  3.69729123e-01  5.27617740e-04  4.14604141e-02
  3.70728490e-01  4.54705740e-04  4.19151198e-02
  3.71727856e-01  5.03755631e-04  4.24188755e-02
  3.72727223e-01  5.06406976e-04  4.29252824e-02
  3.73726589e-01  5.28943412e-04  4.34542258e-02
  3.74725956e-01  4.57357086e-04  4.39115829e-02
  3.75725323e-01  5.13035340e-04  4.44246183e-02
  3.76724689e-01  5.05081304e-04  4.49296996e-02
  3.77724056e-01  5.70039266e-04  4.54997388e-02
  3.78723422e-01  5.24966394e-04  4.60247052e-02
  3.79722789e-01  5.39548794e-04  4.65642540e-02
  3.80722156e-01  5.40874467e-04  4.71051285e-02
  3.81721522e-01  5.99204066e-04  4.77043326e-02
  3.82720889e-01  5.46177158e-04  4.82505097e-02
  3.83720256e-01  5.62085230e-04  4.88125950e-02
  3.84719622e-01  5.91250030e-04  4.94038450e-02
  3.85718989e-01  5.52805521e-04  4.99566505e-02
  3.86718355e-01  6.44276938e-04  5.06009274e-02
  3.87717722e-01  6.03181084e-04  5.12041085e-02
  3.88717089e-01  6.33671557e-04  5.18377801e-02
  3.89716455e-01  5.80644648e-04  5.24184247e-02
  3.90715822e-01  6.21740502e-04  5.30401652e-02
  3.91715189e-01  6.27043193e-04  5.36672084e-02
  3.92714555e-01  6.25717520e-04  5.42929259e-02
  3.93713922e-01  6.52230975e-04  5.49451569e-02
  3.94713288e-01  7.09234901e-04  5.56543918e-02
  3.95712655e-01  6.46928284e-04  5.63013201e-02
  3.96712022e-01  6.41625593e-04  5.69429457e-02
  3.97711388e-01  6.77418756e-04  5.76203645e-02
  3.98710755e-01  6.08483775e-04  5.82288482e-02
  3.99710122e-01  6.74767411e-04  5.89036156e-02
  4.00709488e-01  6.82721447e-04  5.95863371e-02
  4.01708855e-01  7.63587482e-04  6.03499246e-02
  4.02708221e-01  7.07909229e-04  6.10578338e-02
  4.03707588e-01  7.31771337e-04  6.17896051e-02
  4.04706955e-01  6.89349811e-04  6.24789549e-02
  4.05706321e-01  6.77418756e-04  6.31563737e-02
  4.06705688e-01  7.34422683e-04  6.38907964e-02
  4.07705055e-01  7.22491628e-04  6.46132880e-02
  4.08704421e-01  7.43702392e-04  6.53569904e-02
  4.09703788e-01  7.70215846e-04  6.61272063e-02
  4.10703154e-01  7.14537592e-04  6.68417438e-02
  4.11702521e-01  8.07334682e-04  6.76490785e-02
  4.12701888e-01  7.18514610e-04  6.83675931e-02
  4.13701254e-01  8.20591409e-04  6.91881845e-02
  4.14700621e-01  7.46353737e-04  6.99345383e-02
  4.15699988e-01  7.63587482e-04  7.06981258e-02
  4.16699354e-01  8.15288718e-04  7.15134145e-02
  4.17698721e-01  8.40476500e-04  7.23538910e-02
  4.18698087e-01  8.48430536e-04  7.32023215e-02
  4.19697454e-01  7.87449591e-04  7.39897711e-02
  4.20696821e-01  8.24568427e-04  7.48143395e-02
  4.21696187e-01  8.23242755e-04  7.56375823e-02
  4.22695554e-01  8.25894100e-04  7.64634764e-02
  4.23694921e-01  8.51081882e-04  7.73145583e-02
  4.24694287e-01  8.47104863e-04  7.81616631e-02
  4.25693654e-01  8.82898027e-04  7.90445612e-02
  4.26693020e-01  9.09411481e-04  7.99539726e-02
  4.27692387e-01  8.66989954e-04  8.08209626e-02
  4.28691754e-01  8.90852063e-04  8.17118147e-02
  4.29691120e-01  8.63012936e-04  8.25748276e-02
  4.30690487e-01  9.73043771e-04  8.35478714e-02
  4.31689854e-01  9.22668208e-04  8.44705396e-02
  4.32689220e-01  9.57135699e-04  8.54276753e-02
  4.33688587e-01  1.03137337e-03  8.64590486e-02
  4.34687953e-01  9.78346462e-04  8.74373951e-02
  4.35687320e-01  9.14714172e-04  8.83521093e-02
  4.36686687e-01  9.10737154e-04  8.92628464e-02
  4.37686053e-01  8.93503408e-04  9.01563498e-02
  4.38685420e-01  9.50507335e-04  9.11068572e-02
  4.39684787e-01  1.00618559e-03  9.21130428e-02
  4.40684153e-01  9.73043771e-04  9.30860865e-02
  4.41683520e-01  9.18691190e-04  9.40047777e-02
  4.42682886e-01  9.71718098e-04  9.49764958e-02
  4.43682253e-01  9.66415407e-04  9.59429112e-02
  4.44681620e-01  1.03004770e-03  9.69729589e-02
  4.45680986e-01  1.00220857e-03  9.79751675e-02
  4.46680353e-01  1.01148828e-03  9.89866558e-02
  4.47679720e-01  9.45204644e-04  9.99318604e-02
  4.48679086e-01  1.03932741e-03  1.00971188e-01
  4.49678453e-01  1.10295970e-03  1.02074148e-01
  4.50677819e-01  1.07909759e-03  1.03153245e-01
  4.51677186e-01  1.09102864e-03  1.04244274e-01
  4.52676553e-01  1.05523548e-03  1.05299509e-01
  4.53675919e-01  1.11356508e-03  1.06413074e-01
  4.54675286e-01  1.16261497e-03  1.07575689e-01
  4.55674653e-01  1.12549613e-03  1.08701185e-01
  4.56674019e-01  1.14670690e-03  1.09847892e-01
  4.57673386e-01  1.18250006e-03  1.11030392e-01
  4.58672752e-01  1.11223941e-03  1.12142632e-01
  4.59672119e-01  1.07246922e-03  1.13215101e-01
  4.60671486e-01  1.15200959e-03  1.14367111e-01
  4.61670852e-01  1.12151911e-03  1.15488630e-01
  4.62670219e-01  1.14935824e-03  1.16637988e-01
  4.63669586e-01  1.20238515e-03  1.17840373e-01
  4.64668952e-01  1.14405555e-03  1.18984429e-01
  4.65668319e-01  1.20768784e-03  1.20192116e-01
  4.66667685e-01  1.26469177e-03  1.21456808e-01
  4.67667052e-01  1.32964973e-03  1.22786458e-01
  4.68666419e-01  1.22227024e-03  1.24008728e-01
  4.69665785e-01  1.16924333e-03  1.25177972e-01
  4.70665152e-01  1.27529715e-03  1.26453269e-01
  4.71664518e-01  1.26734311e-03  1.27720612e-01
  4.72663885e-01  1.21696755e-03  1.28937579e-01
  4.73663252e-01  1.32302137e-03  1.30260601e-01
  4.74662618e-01  1.24480668e-03  1.31505407e-01
  4.75661985e-01  1.36544289e-03  1.32870850e-01
  4.76661352e-01  1.35616319e-03  1.34227013e-01
  4.77660718e-01  1.29650791e-03  1.35523521e-01
  4.78660085e-01  1.32964973e-03  1.36853171e-01
  4.79659451e-01  1.33230108e-03  1.38185472e-01
  4.80658818e-01  1.31639300e-03  1.39501865e-01
  4.81658185e-01  1.35748886e-03  1.40859354e-01
  4.82657551e-01  1.37472260e-03  1.42234077e-01
  4.83656918e-01  1.33760377e-03  1.43571680e-01
  4.84656285e-01  1.34953482e-03  1.44921215e-01
  4.85655651e-01  1.44100624e-03  1.46362222e-01
  4.86655018e-01  1.45426297e-03  1.47816484e-01
  4.87654384e-01  1.42774951e-03  1.49244234e-01
  4.88653751e-01  1.47679940e-03  1.50721033e-01
  4.89653118e-01  1.46619402e-03  1.52187227e-01
  4.90652484e-01  1.47282238e-03  1.53660050e-01
  4.91651851e-01  1.44763460e-03  1.55107684e-01
  4.92651218e-01  1.47414806e-03  1.56581832e-01
  4.93650584e-01  1.52584929e-03  1.58107682e-01
  4.94649951e-01  1.51789526e-03  1.59625577e-01
  4.95649317e-01  1.49668449e-03  1.61122261e-01
  4.96648684e-01  1.54706006e-03  1.62669322e-01
  4.97648051e-01  1.52717496e-03  1.64196497e-01
  4.98647417e-01  1.60008696e-03  1.65796583e-01
  4.99646784e-01  1.57489918e-03  1.67371483e-01
  5.00646151e-01  1.59876129e-03  1.68970244e-01
  5.01645517e-01  1.55236275e-03  1.70522607e-01
  5.02644884e-01  1.55501409e-03  1.72077621e-01
  5.03644250e-01  1.61997205e-03  1.73697593e-01
  5.04643617e-01  1.68625569e-03  1.75383849e-01
  5.05642984e-01  1.57224784e-03  1.76956096e-01
  5.06642350e-01  1.57622486e-03  1.78532321e-01
  5.07641717e-01  1.79230951e-03  1.80324631e-01
  5.08641084e-01  1.60804100e-03  1.81932672e-01
  5.09640450e-01  1.63720580e-03  1.83569878e-01
  5.10639817e-01  1.67565031e-03  1.85245528e-01
  5.11639183e-01  1.62792609e-03  1.86873454e-01
  5.12638550e-01  1.56959649e-03  1.88443050e-01
  5.13637917e-01  1.62527475e-03  1.90068325e-01
  5.14637283e-01  1.71674616e-03  1.91785071e-01
  5.15636650e-01  1.71276914e-03  1.93497840e-01
  5.16636017e-01  1.72470020e-03  1.95222541e-01
  5.17635383e-01  1.74325962e-03  1.96965800e-01
  5.18634750e-01  1.83075402e-03  1.98796554e-01
  5.19634116e-01  1.73795693e-03  2.00534511e-01
  5.20633483e-01  1.84135940e-03  2.02375871e-01
  5.21632850e-01  1.80291489e-03  2.04178786e-01
  5.22632216e-01  1.76579605e-03  2.05944582e-01
  5.23631583e-01  1.81484594e-03  2.07759428e-01
  5.24630950e-01  1.84135940e-03  2.09600787e-01
  5.25630316e-01  1.82279998e-03  2.11423587e-01
  5.26629683e-01  1.77242442e-03  2.13196011e-01
  5.27629049e-01  1.94343620e-03  2.15139448e-01
  5.28628416e-01  1.90631736e-03  2.17045765e-01
  5.29627783e-01  1.83605671e-03  2.18881822e-01
  5.30627149e-01  1.93415649e-03  2.20815978e-01
  5.31626516e-01  2.01634820e-03  2.22832326e-01
  5.32625883e-01  1.88775794e-03  2.24720084e-01
  5.33625249e-01  1.98983474e-03  2.26709919e-01
  5.34624616e-01  2.00044012e-03  2.28710359e-01
  5.35623982e-01  1.97392667e-03  2.30684286e-01
  5.36623349e-01  1.93415649e-03  2.32618442e-01
  5.37622716e-01  1.98188071e-03  2.34600323e-01
  5.38622082e-01  2.08395750e-03  2.36684280e-01
  5.39621449e-01  2.03093060e-03  2.38715211e-01
  5.40620816e-01  2.02827925e-03  2.40743490e-01
  5.41620182e-01  1.95801860e-03  2.42701509e-01
  5.42619549e-01  2.02695358e-03  2.44728462e-01
  5.43618915e-01  2.01899954e-03  2.46747462e-01
  5.44618282e-01  2.09323721e-03  2.48840699e-01
  5.45617649e-01  2.05876972e-03  2.50899469e-01
  5.46617015e-01  2.00441714e-03  2.52903886e-01
  5.47616382e-01  2.13035605e-03  2.55034242e-01
  5.48615749e-01  2.10516827e-03  2.57139410e-01
  5.49615115e-01  2.16614921e-03  2.59305560e-01
  5.50614482e-01  2.10384259e-03  2.61409402e-01
  5.51613848e-01  2.05346703e-03  2.63462869e-01
  5.52613215e-01  2.10914529e-03  2.65572015e-01
  5.53612582e-01  2.16084652e-03  2.67732861e-01
  5.54611948e-01  2.13433307e-03  2.69867194e-01
  5.55611315e-01  2.13963576e-03  2.72006830e-01
  5.56610681e-01  2.24834092e-03  2.74255171e-01
  5.57610048e-01  2.17277758e-03  2.76427948e-01
  5.58609415e-01  2.15952085e-03  2.78587469e-01
  5.59608781e-01  2.14891547e-03  2.80736385e-01
  5.60608148e-01  2.32125292e-03  2.83057638e-01
  5.61607515e-01  2.20194238e-03  2.85259580e-01
  5.62606881e-01  2.35572041e-03  2.87615300e-01
  5.63606248e-01  2.30667052e-03  2.89921971e-01
  5.64605614e-01  2.23906121e-03  2.92161032e-01
  5.65604981e-01  2.33318397e-03  2.94494216e-01
  5.66604348e-01  2.30932187e-03  2.96803538e-01
  5.67603714e-01  2.29871648e-03  2.99102254e-01
  5.68603081e-01  2.31992725e-03  3.01422182e-01
  5.69602448e-01  2.35041772e-03  3.03772599e-01
  5.70601814e-01  2.34776637e-03  3.06120366e-01
  5.71601181e-01  2.38355954e-03  3.08503925e-01
  5.72600547e-01  2.31992725e-03  3.10823853e-01
  5.73599914e-01  2.32522994e-03  3.13149083e-01
  5.74599281e-01  2.41670136e-03  3.15565784e-01
  5.75598647e-01  2.41007299e-03  3.17975857e-01
  5.76598014e-01  2.41670136e-03  3.20392558e-01
  5.77597381e-01  2.39283925e-03  3.22785397e-01
  5.78596747e-01  2.54264026e-03  3.25328038e-01
  5.79596114e-01  2.49093903e-03  3.27818977e-01
  5.80595480e-01  2.44056346e-03  3.30259540e-01
  5.81594847e-01  2.47237961e-03  3.32731920e-01
  5.82594214e-01  2.50154441e-03  3.35233464e-01
  5.83593580e-01  2.49226470e-03  3.37725729e-01
  5.84592947e-01  2.50419575e-03  3.40229925e-01
  5.85592314e-01  2.64471706e-03  3.42874642e-01
  5.86591680e-01  2.43923779e-03  3.45313880e-01
  5.87591047e-01  2.51347546e-03  3.47827355e-01
  5.88590413e-01  2.59964419e-03  3.50426999e-01
  5.89589780e-01  2.53203488e-03  3.52959034e-01
  5.90589147e-01  2.59964419e-03  3.55558678e-01
  5.91588513e-01  2.48563634e-03  3.58044315e-01
  5.92587880e-01  2.72558310e-03  3.60769898e-01
  5.93587247e-01  2.64604273e-03  3.63415940e-01
  5.94586613e-01  2.70304666e-03  3.66118987e-01
  5.95585980e-01  2.57313074e-03  3.68692118e-01
  5.96585346e-01  2.84356797e-03  3.71535686e-01
  5.97584713e-01  2.64736841e-03  3.74183054e-01
  5.98584080e-01  2.68183590e-03  3.76864890e-01
  5.99583446e-01  2.65001975e-03  3.79514910e-01
  6.00582813e-01  2.63278601e-03  3.82147696e-01
  6.01582180e-01  2.75209655e-03  3.84899792e-01
  6.02581546e-01  2.69641830e-03  3.87596211e-01
  6.03580913e-01  2.76137626e-03  3.90357587e-01
  6.04580279e-01  2.67520753e-03  3.93032794e-01
  6.05579646e-01  2.65664812e-03  3.95689443e-01
  6.06579013e-01  2.72160608e-03  3.98411049e-01
  6.07578379e-01  2.75209655e-03  4.01163145e-01
  6.08577746e-01  2.72690877e-03  4.03890054e-01
  6.09577113e-01  2.70569801e-03  4.06595752e-01
  6.10576479e-01  2.84621931e-03  4.09441971e-01
  6.11575846e-01  2.70437233e-03  4.12146344e-01
  6.12575212e-01  2.77861001e-03  4.14924954e-01
  6.13574579e-01  2.73883982e-03  4.17663793e-01
  6.14573946e-01  2.79849510e-03  4.20462289e-01
  6.15573312e-01  2.85284768e-03  4.23315136e-01
  6.16572679e-01  2.83693961e-03  4.26152076e-01
  6.17572046e-01  2.74281684e-03  4.28894893e-01
  6.18571412e-01  2.85947604e-03  4.31754369e-01
  6.19570779e-01  2.92045699e-03  4.34674826e-01
  6.20570145e-01  2.72690877e-03  4.37401735e-01
  6.21569512e-01  2.92178266e-03  4.40323517e-01
  6.22568879e-01  2.81705451e-03  4.43140572e-01
  6.23568245e-01  2.81970586e-03  4.45960278e-01
  6.24567612e-01  2.93901640e-03  4.48899294e-01
  6.25566979e-01  2.98011226e-03  4.51879406e-01
  6.26566345e-01  2.89924622e-03  4.54778652e-01
  6.27565712e-01  2.95094746e-03  4.57729600e-01
  6.28565078e-01  2.89394353e-03  4.60623543e-01
  6.29564445e-01  2.94299342e-03  4.63566537e-01
  6.30563812e-01  2.89659488e-03  4.66463132e-01
  6.31563178e-01  2.91515430e-03  4.69378286e-01
  6.32562545e-01  2.95359880e-03  4.72331885e-01
  6.33561912e-01  2.96420419e-03  4.75296089e-01
  6.34561278e-01  2.97613524e-03  4.78272224e-01
  6.35560645e-01  2.92708535e-03  4.81199310e-01
  6.36560011e-01  2.92443400e-03  4.84123744e-01
  6.37559378e-01  3.00530004e-03  4.87129044e-01
  6.38558745e-01  3.12991327e-03  4.90258957e-01
  6.39558111e-01  2.93106237e-03  4.93190019e-01
  6.40557478e-01  3.03048782e-03  4.96220507e-01
  6.41556844e-01  3.03976753e-03  4.99260275e-01
  6.42556211e-01  2.91515430e-03  5.02175429e-01
  6.43555578e-01  3.05302426e-03  5.05228453e-01
  6.44554944e-01  2.90057190e-03  5.08129025e-01
  6.45554311e-01  3.06893233e-03  5.11197957e-01
  6.46553678e-01  3.06097829e-03  5.14258936e-01
  6.47553044e-01  3.07556069e-03  5.17334496e-01
  6.48552411e-01  3.05302426e-03  5.20387521e-01
  6.49551777e-01  3.11135386e-03  5.23498875e-01
  6.50551144e-01  3.03976753e-03  5.26538642e-01
  6.51550511e-01  3.01192840e-03  5.29550570e-01
  6.52549877e-01  3.05832695e-03  5.32608897e-01
  6.53549244e-01  3.01457975e-03  5.35623477e-01
  6.54548611e-01  3.12593626e-03  5.38749413e-01
  6.55547977e-01  3.08881742e-03  5.41838231e-01
  6.56547344e-01  2.95094746e-03  5.44789178e-01
  6.57546710e-01  3.08881742e-03  5.47877996e-01
  6.58546077e-01  3.03313917e-03  5.50911135e-01
  6.59545444e-01  3.17366047e-03  5.54084795e-01
  6.60544810e-01  3.01988244e-03  5.57104678e-01
  6.61544177e-01  3.00927706e-03  5.60113955e-01
  6.62543544e-01  3.05434993e-03  5.63168305e-01
  6.63542910e-01  3.03048782e-03  5.66198793e-01
  6.64542277e-01  3.25982920e-03  5.69458622e-01
  6.65541643e-01  3.16570644e-03  5.72624328e-01
  6.66541010e-01  3.07821204e-03  5.75702540e-01
  6.67540377e-01  3.09412011e-03  5.78796660e-01
  6.68539743e-01  3.22668738e-03  5.82023348e-01
  6.69539110e-01  3.08484040e-03  5.85108188e-01
  6.70538477e-01  3.15377538e-03  5.88261964e-01
  6.71537843e-01  3.09014309e-03  5.91352107e-01
  6.72537210e-01  3.11400520e-03  5.94466112e-01
  6.73536576e-01  3.07423502e-03  5.97540347e-01
  6.74535943e-01  3.13786731e-03  6.00678214e-01
  6.75535310e-01  3.10339982e-03  6.03781614e-01
  6.76534676e-01  3.08616607e-03  6.06867780e-01
  6.77534043e-01  3.13654164e-03  6.10004322e-01
  6.78533410e-01  3.07423502e-03  6.13078557e-01
  6.79532776e-01  2.99867168e-03  6.16077228e-01
  6.80532143e-01  3.03711618e-03  6.19114345e-01
  6.81531509e-01  3.08484040e-03  6.22199185e-01
  6.82530876e-01  3.12063357e-03  6.25319819e-01
  6.83530243e-01  2.97613524e-03  6.28295954e-01
  6.84529609e-01  2.93901640e-03  6.31234970e-01
  6.85528976e-01  3.03976753e-03  6.34274738e-01
  6.86528343e-01  3.01192840e-03  6.37286666e-01
  6.87527709e-01  3.20149960e-03  6.40488166e-01
  6.88527076e-01  3.10339982e-03  6.43591566e-01
  6.89526442e-01  3.11135386e-03  6.46702919e-01
  6.90525809e-01  3.00795138e-03  6.49710871e-01
  6.91525176e-01  3.05832695e-03  6.52769198e-01
  6.92524542e-01  3.15377538e-03  6.55922973e-01
  6.93523909e-01  3.09146877e-03  6.59014442e-01
  6.94523276e-01  3.11665655e-03  6.62131098e-01
  6.95522642e-01  3.01060273e-03  6.65141701e-01
  6.96522009e-01  3.04639589e-03  6.68188097e-01
  6.97521375e-01  2.94962179e-03  6.71137719e-01
  6.98520742e-01  3.06628098e-03  6.74204000e-01
  6.99520109e-01  3.02253378e-03  6.77226534e-01
  7.00519475e-01  2.95757582e-03  6.80184109e-01
  7.01518842e-01  3.03313917e-03  6.83217249e-01
  7.02518209e-01  2.87140710e-03  6.86088656e-01
  7.03517575e-01  3.10870251e-03  6.89197358e-01
  7.04516942e-01  3.04772157e-03  6.92245080e-01
  7.05516308e-01  2.98276360e-03  6.95227843e-01
  7.06515675e-01  3.06760666e-03  6.98295450e-01
  7.07515042e-01  3.13786731e-03  7.01433317e-01
  7.08514408e-01  3.00795138e-03  7.04441269e-01
  7.09513775e-01  2.94697044e-03  7.07388239e-01
  7.10513142e-01  2.93503939e-03  7.10323279e-01
  7.11512508e-01  2.83959095e-03  7.13162869e-01
  7.12511875e-01  3.03181349e-03  7.16194683e-01
  7.13511241e-01  2.93769073e-03  7.19132374e-01
  7.14510608e-01  2.96818120e-03  7.22100555e-01
  7.15509975e-01  2.76270193e-03  7.24863257e-01
  7.16509341e-01  2.91382862e-03  7.27777085e-01
  7.17508708e-01  2.96022717e-03  7.30737313e-01
  7.18508075e-01  2.87670979e-03  7.33614022e-01
  7.19507441e-01  2.88996651e-03  7.36503989e-01
  7.20506808e-01  2.76535328e-03  7.39269342e-01
  7.21506174e-01  2.83296259e-03  7.42102305e-01
  7.22505541e-01  2.80114644e-03  7.44903451e-01
  7.23504908e-01  2.85417335e-03  7.47757625e-01
  7.24504274e-01  2.79849510e-03  7.50556120e-01
  7.25503641e-01  2.80910048e-03  7.53365220e-01
  7.26503008e-01  2.72425742e-03  7.56089478e-01
  7.27502374e-01  2.85284768e-03  7.58942325e-01
  7.28501741e-01  2.80379779e-03  7.61746123e-01
  7.29501107e-01  2.88466382e-03  7.64630787e-01
  7.30500474e-01  2.85549902e-03  7.67486286e-01
  7.31499841e-01  2.75342222e-03  7.70239708e-01
  7.32499207e-01  2.64339139e-03  7.72883100e-01
  7.33498574e-01  2.66725350e-03  7.75550353e-01
  7.34497940e-01  2.62880899e-03  7.78179162e-01
  7.35497307e-01  2.73088579e-03  7.80910048e-01
  7.36496674e-01  2.64736841e-03  7.83557416e-01
  7.37496040e-01  2.64736841e-03  7.86204785e-01
  7.38495407e-01  2.63808870e-03  7.88842873e-01
  7.39494774e-01  2.61687793e-03  7.91459751e-01
  7.40494140e-01  2.61290092e-03  7.94072652e-01
  7.41493507e-01  2.58241044e-03  7.96655063e-01
  7.42492873e-01  2.53203488e-03  7.99187097e-01
  7.43492240e-01  2.60494688e-03  8.01792044e-01
  7.44491607e-01  2.57313074e-03  8.04365175e-01
  7.45490973e-01  2.54661728e-03  8.06911792e-01
  7.46490340e-01  2.47105394e-03  8.09382846e-01
  7.47489707e-01  2.46840259e-03  8.11851249e-01
  7.48489073e-01  2.52673219e-03  8.14377981e-01
  7.49488440e-01  2.44851750e-03  8.16826499e-01
  7.50487806e-01  2.42995808e-03  8.19256457e-01
  7.51487173e-01  2.36765146e-03  8.21624108e-01
  7.52486540e-01  2.39681626e-03  8.24020924e-01
  7.53485906e-01  2.38488521e-03  8.26405810e-01
  7.54485273e-01  2.39416492e-03  8.28799975e-01
  7.55484640e-01  2.32655561e-03  8.31126530e-01
  7.56484006e-01  2.39814194e-03  8.33524672e-01
  7.57483373e-01  2.35572041e-03  8.35880393e-01
  7.58482739e-01  2.33053263e-03  8.38210925e-01
  7.59482106e-01  2.27220303e-03  8.40483128e-01
  7.60481473e-01  2.32522994e-03  8.42808358e-01
  7.61480839e-01  2.18470863e-03  8.44993067e-01
  7.62480206e-01  2.34246368e-03  8.47335530e-01
  7.63479573e-01  2.28545976e-03  8.49620990e-01
  7.64478939e-01  2.21387343e-03  8.51834864e-01
  7.65478306e-01  2.19531401e-03  8.54030178e-01
  7.66477672e-01  2.16880056e-03  8.56198978e-01
  7.67477039e-01  2.19796536e-03  8.58396944e-01
  7.68476406e-01  2.07732914e-03  8.60474273e-01
  7.69475772e-01  2.15156681e-03  8.62625839e-01
  7.70475139e-01  2.16217219e-03  8.64788012e-01
  7.71474506e-01  2.03755896e-03  8.66825571e-01
  7.72473872e-01  1.98453205e-03  8.68810103e-01
  7.73473239e-01  2.10384259e-03  8.70913945e-01
  7.74472605e-01  2.04683867e-03  8.72960784e-01
  7.75471972e-01  2.04418732e-03  8.75004971e-01
  7.76471339e-01  1.94608754e-03  8.76951059e-01
  7.77470705e-01  1.95669292e-03  8.78907752e-01
  7.78470072e-01  1.93813351e-03  8.80845885e-01
  7.79469439e-01  1.95271591e-03  8.82798601e-01
  7.80468805e-01  1.95404158e-03  8.84752643e-01
  7.81468172e-01  1.90234034e-03  8.86654983e-01
  7.82467538e-01  1.86654718e-03  8.88521530e-01
  7.83466905e-01  1.77640143e-03  8.90297932e-01
  7.84466272e-01  1.80291489e-03  8.92100847e-01
  7.85465638e-01  1.85461612e-03  8.93955463e-01
  7.86465005e-01  1.84401074e-03  8.95799473e-01
  7.87464372e-01  1.80158922e-03  8.97601063e-01
  7.88463738e-01  1.81749729e-03  8.99418560e-01
  7.89463105e-01  1.74856231e-03  9.01167122e-01
  7.90462471e-01  1.72072318e-03  9.02887845e-01
  7.91461838e-01  1.68890704e-03  9.04576752e-01
  7.92461205e-01  1.62925176e-03  9.06206004e-01
  7.93460571e-01  1.73928260e-03  9.07945287e-01
  7.94459938e-01  1.67299896e-03  9.09618286e-01
  7.95459305e-01  1.49403315e-03  9.11112319e-01
  7.96458671e-01  1.56827082e-03  9.12680590e-01
  7.97458038e-01  1.51656958e-03  9.14197159e-01
  7.98457404e-01  1.58020187e-03  9.15777361e-01
  7.99456771e-01  1.50861555e-03  9.17285977e-01
  8.00456138e-01  1.51922093e-03  9.18805198e-01
  8.01455504e-01  1.45956566e-03  9.20264763e-01
  8.02454871e-01  1.46486835e-03  9.21729632e-01
  8.03454238e-01  1.39593337e-03  9.23125565e-01
  8.04453604e-01  1.48077642e-03  9.24606341e-01
  8.05452971e-01  1.45691431e-03  9.26063256e-01
  8.06452337e-01  1.44233191e-03  9.27505588e-01
  8.07451704e-01  1.37339693e-03  9.28878985e-01
  8.08451071e-01  1.40653875e-03  9.30285523e-01
  8.09450437e-01  1.38002529e-03  9.31665549e-01
  8.10449804e-01  1.25673773e-03  9.32922286e-01
  8.11449171e-01  1.25276071e-03  9.34175047e-01
  8.12448537e-01  1.31771868e-03  9.35492766e-01
  8.13447904e-01  1.21166486e-03  9.36704431e-01
  8.14447270e-01  1.22889860e-03  9.37933329e-01
  8.15446637e-01  1.16924333e-03  9.39102573e-01
  8.16446004e-01  1.19708246e-03  9.40299655e-01
  8.17445370e-01  1.22492159e-03  9.41524577e-01
  8.18444737e-01  1.23022428e-03  9.42754801e-01
  8.19444103e-01  1.13875286e-03  9.43893554e-01
  8.20443470e-01  1.18647708e-03  9.45080031e-01
  8.21442837e-01  1.23154995e-03  9.46311581e-01
  8.22442203e-01  1.07246922e-03  9.47384050e-01
  8.23441570e-01  1.05258413e-03  9.48436634e-01
  8.24440937e-01  1.07246922e-03  9.49509103e-01
  8.25440303e-01  1.08440028e-03  9.50593504e-01
  8.26439670e-01  1.01679097e-03  9.51610295e-01
  8.27439036e-01  1.00618559e-03  9.52616480e-01
  8.28438403e-01  9.61112717e-04  9.53577593e-01
  8.29437770e-01  9.26645226e-04  9.54504238e-01
  8.30437136e-01  9.91603189e-04  9.55495841e-01
  8.31436503e-01  9.96905880e-04  9.56492747e-01
  8.32435870e-01  9.96905880e-04  9.57489653e-01
  8.33435236e-01  9.77020789e-04  9.58466674e-01
  8.34434603e-01  1.04330442e-03  9.59509978e-01
  8.35433969e-01  8.49756209e-04  9.60359735e-01
  8.36433336e-01  8.76269663e-04  9.61236004e-01
  8.37432703e-01  8.31196791e-04  9.62067201e-01
  8.38432069e-01  8.08660355e-04  9.62875861e-01
  8.39431436e-01  7.84798246e-04  9.63660660e-01
  8.40430803e-01  7.95403628e-04  9.64456063e-01
  8.41430169e-01  8.47104863e-04  9.65303168e-01
  8.42429536e-01  8.03357664e-04  9.66106526e-01
  8.43428902e-01  7.78169882e-04  9.66884696e-01
  8.44428269e-01  7.19840283e-04  9.67604536e-01
  8.45427636e-01  7.76844210e-04  9.68381380e-01
  8.46427002e-01  7.30445665e-04  9.69111826e-01
  8.47426369e-01  7.07909229e-04  9.69819735e-01
  8.48425736e-01  7.11886247e-04  9.70531621e-01
  8.49425102e-01  7.15863265e-04  9.71247485e-01
  8.50424469e-01  6.81395774e-04  9.71928880e-01
  8.51423835e-01  6.53556647e-04  9.72582437e-01
  8.52423202e-01  6.60185011e-04  9.73242622e-01
  8.53422569e-01  6.81395774e-04  9.73924018e-01
  8.54421935e-01  6.42951266e-04  9.74566969e-01
  8.55421302e-01  6.36322902e-04  9.75203292e-01
  8.56420669e-01  6.16437811e-04  9.75819730e-01
  8.57420035e-01  5.79318975e-04  9.76399049e-01
  8.58419402e-01  5.32920430e-04  9.76931969e-01
  8.59418768e-01  5.35571776e-04  9.77467541e-01
  8.60418135e-01  5.93901375e-04  9.78061442e-01
  8.61417502e-01  5.36897449e-04  9.78598340e-01
  8.62416868e-01  5.24966394e-04  9.79123306e-01
  8.63416235e-01  5.13035340e-04  9.79636341e-01
  8.64415602e-01  5.31594758e-04  9.80167936e-01
  8.65414968e-01  4.79893522e-04  9.80647830e-01
  8.66414335e-01  4.86521886e-04  9.81134352e-01
  8.67413701e-01  4.18912577e-04  9.81553264e-01
  8.68413068e-01  4.99778613e-04  9.82053043e-01
  8.69412435e-01  4.57357086e-04  9.82510400e-01
  8.70411801e-01  4.60008431e-04  9.82970408e-01
  8.71411168e-01  4.67962468e-04  9.83438371e-01
  8.72410535e-01  4.06981523e-04  9.83845352e-01
  8.73409901e-01  4.60008431e-04  9.84305361e-01
  8.74409268e-01  4.28192286e-04  9.84733553e-01
  8.75408634e-01  4.40123341e-04  9.85173676e-01
  8.76408001e-01  4.10958541e-04  9.85584635e-01
  8.77407368e-01  4.05655850e-04  9.85990291e-01
  8.78406734e-01  4.06981523e-04  9.86397272e-01
  8.79406101e-01  3.87096432e-04  9.86784369e-01
  8.80405468e-01  3.52628942e-04  9.87136998e-01
  8.81404834e-01  3.84445087e-04  9.87521443e-01
  8.82404201e-01  3.40697887e-04  9.87862141e-01
  8.83403567e-01  3.48651923e-04  9.88210793e-01
  8.84402934e-01  3.18161451e-04  9.88528954e-01
  8.85402301e-01  3.52628942e-04  9.88881583e-01
  8.86401667e-01  3.35395196e-04  9.89216978e-01
  8.87401034e-01  3.10207415e-04  9.89527186e-01
  8.88400401e-01  3.51303269e-04  9.89878489e-01
  8.89399767e-01  2.67785888e-04  9.90146275e-01
  8.90399134e-01  2.70437233e-04  9.90416712e-01
  8.91398500e-01  2.82368288e-04  9.90699080e-01
  8.92397867e-01  2.63808870e-04  9.90962889e-01
  8.93397234e-01  2.58506179e-04  9.91221395e-01
  8.94396600e-01  2.16084652e-04  9.91437480e-01
  8.95395967e-01  2.65134543e-04  9.91702614e-01
  8.96395334e-01  2.61157524e-04  9.91963772e-01
  8.97394700e-01  2.53203488e-04  9.92216976e-01
  8.98394067e-01  2.30667052e-04  9.92447643e-01
  8.99393433e-01  2.13433307e-04  9.92661076e-01
  9.00392800e-01  2.08130616e-04  9.92869206e-01
  9.01392167e-01  1.93548216e-04  9.93062755e-01
  9.02391533e-01  2.04153598e-04  9.93266908e-01
  9.03390900e-01  2.14758979e-04  9.93481667e-01
  9.04390266e-01  2.14758979e-04  9.93696426e-01
  9.05389633e-01  2.13433307e-04  9.93909860e-01
  9.06389000e-01  2.00176580e-04  9.94110036e-01
  9.07388366e-01  1.60406398e-04  9.94270443e-01
  9.08387733e-01  1.64383416e-04  9.94434826e-01
  9.09387100e-01  1.60406398e-04  9.94595232e-01
  9.10386466e-01  1.90896871e-04  9.94786129e-01
  9.11385833e-01  1.49801017e-04  9.94935930e-01
  9.12385199e-01  1.63057744e-04  9.95098988e-01
  9.13384566e-01  1.32567271e-04  9.95231555e-01
  9.14383933e-01  1.40521308e-04  9.95372077e-01
  9.15383299e-01  1.57755053e-04  9.95529832e-01
  9.16382666e-01  1.45823998e-04  9.95675656e-01
  9.17382033e-01  1.55103707e-04  9.95830759e-01
  9.18381399e-01  1.35218617e-04  9.95965978e-01
  9.19380766e-01  1.31241599e-04  9.96097220e-01
  9.20380132e-01  1.07379490e-04  9.96204599e-01
  9.21379499e-01  1.25938908e-04  9.96330538e-01
  9.22378866e-01  9.54484353e-05  9.96425986e-01
  9.23378232e-01  1.25938908e-04  9.96551925e-01
  9.24377599e-01  1.06053817e-04  9.96657979e-01
  9.25376966e-01  1.11356508e-04  9.96769336e-01
  9.26376332e-01  1.08705162e-04  9.96878041e-01
  9.27375699e-01  1.06053817e-04  9.96984095e-01
  9.28375065e-01  1.03402472e-04  9.97087497e-01
  9.29374432e-01  7.95403628e-05  9.97167037e-01
  9.30373799e-01  8.08660355e-05  9.97247903e-01
  9.31373165e-01  1.08705162e-04  9.97356609e-01
  9.32372532e-01  8.21917082e-05  9.97438800e-01
  9.33371899e-01  7.95403628e-05  9.97518341e-01
  9.34371265e-01  7.15863265e-05  9.97589927e-01
  9.35370632e-01  7.95403628e-05  9.97669467e-01
  9.36369998e-01  7.68890173e-05  9.97746356e-01
  9.37369365e-01  7.55633446e-05  9.97821920e-01
  9.38368732e-01  8.74943990e-05  9.97909414e-01
  9.39368098e-01  7.95403628e-05  9.97988954e-01
  9.40367465e-01  7.02606538e-05  9.98059215e-01
  9.41366832e-01  5.43525812e-05  9.98113568e-01
  9.42366198e-01  8.08660355e-05  9.98194434e-01
  9.43365565e-01  7.82146900e-05  9.98272648e-01
  9.44364931e-01  5.30269085e-05  9.98325675e-01
  9.45364298e-01  6.62836356e-05  9.98391959e-01
  9.46363665e-01  4.37471995e-05  9.98435706e-01
  9.47363031e-01  3.84445087e-05  9.98474151e-01
  9.48362398e-01  5.70039266e-05  9.98531155e-01
  9.49361765e-01  6.89349811e-05  9.98600090e-01
  9.50361131e-01  5.30269085e-05  9.98653117e-01
  9.51360498e-01  3.97701814e-05  9.98692887e-01
  9.52359864e-01  5.03755631e-05  9.98743262e-01
  9.53359231e-01  3.31418178e-05  9.98776404e-01
  9.54358598e-01  3.57931632e-05  9.98812197e-01
  9.55357964e-01  3.97701814e-05  9.98851967e-01
  9.56357331e-01  5.43525812e-05  9.98906320e-01
  9.57356698e-01  3.71188360e-05  9.98943439e-01
  9.58356064e-01  3.31418178e-05  9.98976581e-01
  9.59355431e-01  3.84445087e-05  9.99015025e-01
  9.60354797e-01  3.44674905e-05  9.99049493e-01
  9.61354164e-01  3.71188360e-05  9.99086612e-01
  9.62353531e-01  2.91647997e-05  9.99115776e-01
  9.63352897e-01  3.04904724e-05  9.99146267e-01
  9.64352264e-01  2.51877815e-05  9.99171455e-01
  9.65351631e-01  2.65134543e-05  9.99197968e-01
  9.66350997e-01  3.57931632e-05  9.99233761e-01
  9.67350364e-01  4.10958541e-05  9.99274857e-01
  9.68349730e-01  3.84445087e-05  9.99313302e-01
  9.69349097e-01  2.51877815e-05  9.99338489e-01
  9.70348464e-01  1.98850907e-05  9.99358374e-01
  9.71347830e-01  2.78391270e-05  9.99386214e-01
  9.72347197e-01  3.04904724e-05  9.99416704e-01
  9.73346564e-01  2.78391270e-05  9.99444543e-01
  9.74345930e-01  1.45823998e-05  9.99459126e-01
  9.75345297e-01  2.51877815e-05  9.99484313e-01
  9.76344663e-01  1.85594180e-05  9.99502873e-01
  9.77344030e-01  2.91647997e-05  9.99532038e-01
  9.78343397e-01  1.45823998e-05  9.99546620e-01
  9.79342763e-01  1.85594180e-05  9.99565179e-01
  9.80342130e-01  2.25364361e-05  9.99587716e-01
  9.81341497e-01  1.85594180e-05  9.99606275e-01
  9.82340863e-01  1.19310544e-05  9.99618206e-01
  9.83340230e-01  1.45823998e-05  9.99632789e-01
  9.84339596e-01  1.59080726e-05  9.99648697e-01
  9.85338963e-01  1.06053817e-05  9.99659302e-01
  9.86338330e-01  1.45823998e-05  9.99673885e-01
  9.87337696e-01  1.19310544e-05  9.99685816e-01
  9.88337063e-01  1.45823998e-05  9.99700398e-01
  9.89336430e-01  1.06053817e-05  9.99711003e-01
  9.90335796e-01  1.72337453e-05  9.99728237e-01
  9.91335163e-01  1.32567271e-05  9.99741494e-01
  9.92334529e-01  1.59080726e-05  9.99757402e-01
  9.93333896e-01  6.62836356e-06  9.99764030e-01
  9.94333263e-01  7.95403628e-06  9.99771984e-01
  9.95332629e-01  6.62836356e-06  9.99778613e-01
  9.96331996e-01  1.19310544e-05  9.99790544e-01
  9.97331362e-01  9.27970899e-06  9.99799823e-01
  9.98330729e-01  1.45823998e-05  9.99814406e-01
  9.99330096e-01  7.95403628e-06  9.99822360e-01
  1.00032946e+00  7.95403628e-06  9.99830314e-01
  1.00132883e+00  6.62836356e-06  9.99836942e-01
  1.00232820e+00  1.32567271e-05  9.99850199e-01
  1.00332756e+00  3.97701814e-06  9.99854176e-01
  1.00432693e+00  7.95403628e-06  9.99862130e-01
  1.00532630e+00  5.30269085e-06  9.99867433e-01
  1.00632566e+00  3.97701814e-06  9.99871410e-01
  1.00732503e+00  6.62836356e-06  9.99878038e-01
  1.00832440e+00  2.65134543e-06  9.99880689e-01
  1.00932376e+00  2.65134543e-06  9.99883341e-01
  1.01032313e+00  1.06053817e-05  9.99893946e-01
  1.01132250e+00  3.97701814e-06  9.99897923e-01
  1.01232186e+00  3.97701814e-06  9.99901900e-01
  1.01332123e+00  2.65134543e-06  9.99904552e-01
  1.01432060e+00  0.00000000e+00  9.99904552e-01
  1.01531996e+00  5.30269085e-06  9.99909854e-01
  1.01631933e+00  2.65134543e-06  9.99912506e-01
  1.01731869e+00  2.65134543e-06  9.99915157e-01
  1.01831806e+00  2.65134543e-06  9.99917808e-01
  1.01931743e+00  1.32567271e-06  9.99919134e-01
  1.02031679e+00  3.97701814e-06  9.99923111e-01
  1.02131616e+00  2.65134543e-06  9.99925762e-01
  1.02231553e+00  2.65134543e-06  9.99928414e-01
  1.02331489e+00  2.65134543e-06  9.99931065e-01
  1.02431426e+00  1.32567271e-06  9.99932391e-01
  1.02531363e+00  6.62836356e-06  9.99939019e-01
  1.02631299e+00  5.30269085e-06  9.99944322e-01
  1.02731236e+00  2.65134543e-06  9.99946973e-01
  1.02831173e+00  2.65134543e-06  9.99949624e-01
  1.02931109e+00  2.65134543e-06  9.99952276e-01
  1.03031046e+00  2.65134543e-06  9.99954927e-01
  1.03130983e+00  0.00000000e+00  9.99954927e-01
  1.03230919e+00  2.65134543e-06  9.99957578e-01
  1.03330856e+00  5.30269085e-06  9.99962881e-01
  1.03430793e+00  0.00000000e+00  9.99962881e-01
  1.03530729e+00  1.32567271e-06  9.99964207e-01
  1.03630666e+00  1.32567271e-06  9.99965533e-01
  1.03730603e+00  1.32567271e-06  9.99966858e-01
  1.03830539e+00  1.32567271e-06  9.99968184e-01
  1.03930476e+00  1.32567271e-06  9.99969510e-01
  1.04030413e+00  0.00000000e+00  9.99969510e-01
  1.04130349e+00  2.65134543e-06  9.99972161e-01
  1.04230286e+00  2.65134543e-06  9.99974812e-01
  1.04330223e+00  2.65134543e-06  9.99977464e-01
  1.04430159e+00  3.97701814e-06  9.99981441e-01
  1.04530096e+00  0.00000000e+00  9.99981441e-01
  1.04630033e+00  0.00000000e+00  9.99981441e-01
  1.04729969e+00  0.00000000e+00  9.99981441e-01
  1.04829906e+00  2.65134543e-06  9.99984092e-01
  1.04929843e+00  1.32567271e-06  9.99985418e-01
  1.05029779e+00  0.00000000e+00  9.99985418e-01
  1.05129716e+00  2.65134543e-06  9.99988069e-01
  1.05229653e+00  0.00000000e+00  9.99988069e-01
  1.05329589e+00  3.97701814e-06  9.99992046e-01
  1.05429526e+00  0.00000000e+00  9.99992046e-01
  1.05529463e+00  1.32567271e-06  9.99993372e-01
  1.05629399e+00  1.32567271e-06  9.99994697e-01
  1.05729336e+00  1.32567271e-06  9.99996023e-01
  1.05829273e+00  0.00000000e+00  9.99996023e-01
  1.05929209e+00  0.00000000e+00  9.99996023e-01
  1.06029146e+00  0.00000000e+00  9.99996023e-01
  1.06129083e+00  0.00000000e+00  9.99996023e-01
  1.06229019e+00  0.00000000e+00  9.99996023e-01
  1.06328956e+00  0.00000000e+00  9.99996023e-01
  1.06428893e+00  0.00000000e+00  9.99996023e-01
  1.06528829e+00  0.00000000e+00  9.99996023e-01
  1.06628766e+00  0.00000000e+00  9.99996023e-01
  1.06728703e+00  0.00000000e+00  9.99996023e-01
  1.06828639e+00  0.00000000e+00  9.99996023e-01
  1.06928576e+00  0.00000000e+00  9.99996023e-01
  1.07028513e+00  0.00000000e+00  9.99996023e-01
  1.07128449e+00  2.65134543e-06  9.99998674e-01
  1.07228386e+00  0.00000000e+00  9.99998674e-01
  1.07328323e+00  0.00000000e+00  9.99998674e-01
  1.07428259e+00  0.00000000e+00  9.99998674e-01
  1.07528196e+00  0.00000000e+00  9.99998674e-01
  1.07628133e+00  0.00000000e+00  9.99998674e-01
  1.07728069e+00  0.00000000e+00  9.99998674e-01
  1.07828006e+00  0.00000000e+00  9.99998674e-01
  1.07927943e+00  0.00000000e+00  9.99998674e-01
  1.08027879e+00  0.00000000e+00  9.99998674e-01
  1.08127816e+00  0.00000000e+00  9.99998674e-01
  1.08227753e+00  0.00000000e+00  9.99998674e-01
  1.08327689e+00  0.00000000e+00  9.99998674e-01
  1.08427626e+00  0.00000000e+00  9.99998674e-01
  1.08527563e+00  0.00000000e+00  9.99998674e-01
  1.08627499e+00  0.00000000e+00  9.99998674e-01
  1.08727436e+00  0.00000000e+00  9.99998674e-01
  1.08827373e+00  0.00000000e+00  9.99998674e-01
  1.08927309e+00  1.32567271e-06  1.00000000e+00
  1.09027246e+00  0.00000000e+00  1.00000000e+00
  1.09127183e+00  0.00000000e+00  1.00000000e+00
  1.09227119e+00  0.00000000e+00  1.00000000e+00
  1.09327056e+00  0.00000000e+00  1.00000000e+00
  1.09426992e+00  0.00000000e+00  1.00000000e+00
  1.09526929e+00  0.00000000e+00  1.00000000e+00
  1.09626866e+00  0.00000000e+00  1.00000000e+00
  1.09726802e+00  0.00000000e+00  1.00000000e+00
  1.09826739e+00  0.00000000e+00  1.00000000e+00
  1.09926676e+00  0.00000000e+00  1.00000000e+00
  1.10026612e+00  0.00000000e+00  1.00000000e+00
  1.10126549e+00  0.00000000e+00  1.00000000e+00
  1.10226486e+00  0.00000000e+00  1.00000000e+00
  1.10326422e+00  0.00000000e+00  1.00000000e+00
  1.10426359e+00  0.00000000e+00  1.00000000e+00
  1.10526296e+00  0.00000000e+00  1.00000000e+00
  1.10626232e+00  0.00000000e+00  1.00000000e+00
  1.10726169e+00  0.00000000e+00  1.00000000e+00
  1.10826106e+00  0.00000000e+00  1.00000000e+00
  1.10926042e+00  0.00000000e+00  1.00000000e+00
  1.11025979e+00  0.00000000e+00  1.00000000e+00
  1.11125916e+00  0.00000000e+00  1.00000000e+00
  1.11225852e+00  0.00000000e+00  1.00000000e+00
  1.11325789e+00  0.00000000e+00  1.00000000e+00
  1.11425726e+00  0.00000000e+00  1.00000000e+00
  1.11525662e+00  0.00000000e+00  1.00000000e+00
  1.11625599e+00  0.00000000e+00  1.00000000e+00
  1.11725536e+00  0.00000000e+00  1.00000000e+00
  1.11825472e+00  0.00000000e+00  1.00000000e+00
  1.11925409e+00  0.00000000e+00  1.00000000e+00
  1.12025346e+00  0.00000000e+00  1.00000000e+00
  1.12125282e+00  0.00000000e+00  1.00000000e+00
  1.12225219e+00  0.00000000e+00  1.00000000e+00
  1.12325156e+00  0.00000000e+00  1.00000000e+00
  1.12425092e+00  0.00000000e+00  1.00000000e+00
  1.12525029e+00  0.00000000e+00  1.00000000e+00
  1.12624966e+00  0.00000000e+00  1.00000000e+00
  1.12724902e+00  0.00000000e+00  1.00000000e+00
  1.12824839e+00  0.00000000e+00  1.00000000e+00
  1.12924776e+00  0.00000000e+00  1.00000000e+00
  1.13024712e+00  0.00000000e+00  1.00000000e+00
  1.13124649e+00  0.00000000e+00  1.00000000e+00
  1.13224586e+00  0.00000000e+00  1.00000000e+00
  1.13324522e+00  0.00000000e+00  1.00000000e+00
  1.13424459e+00  0.00000000e+00  1.00000000e+00
  1.13524396e+00  0.00000000e+00  1.00000000e+00
  1.13624332e+00  0.00000000e+00  1.00000000e+00
  1.13724269e+00  0.00000000e+00  1.00000000e+00
  1.13824206e+00  0.00000000e+00  1.00000000e+00
  1.13924142e+00  0.00000000e+00  1.00000000e+00
  1.14024079e+00  0.00000000e+00  1.00000000e+00
  1.14124016e+00  0.00000000e+00  1.00000000e+00
  1.14223952e+00  0.00000000e+00  1.00000000e+00
  1.14323889e+00  0.00000000e+00  1.00000000e+00
  1.14423826e+00  0.00000000e+00  1.00000000e+00
  1.14523762e+00  0.00000000e+00  1.00000000e+00
  1.14623699e+00  0.00000000e+00  1.00000000e+00
  1.14723636e+00  0.00000000e+00  1.00000000e+00
  1.14823572e+00  0.00000000e+00  1.00000000e+00
  1.14923509e+00  0.00000000e+00  1.00000000e+00
  1.15023446e+00  0.00000000e+00  1.00000000e+00
  1.15123382e+00  0.00000000e+00  1.00000000e+00
  1.15223319e+00  0.00000000e+00  1.00000000e+00
  1.15323256e+00  0.00000000e+00  1.00000000e+00
  1.15423192e+00  0.00000000e+00  1.00000000e+00
  1.15523129e+00  0.00000000e+00  1.00000000e+00
  1.15623066e+00  0.00000000e+00  1.00000000e+00
  1.15723002e+00  0.00000000e+00  1.00000000e+00
  1.15822939e+00  0.00000000e+00  1.00000000e+00
  1.15922876e+00  0.00000000e+00  1.00000000e+00
  1.16022812e+00  0.00000000e+00  1.00000000e+00
  1.16122749e+00  0.00000000e+00  1.00000000e+00
  1.16222686e+00  0.00000000e+00  1.00000000e+00
  1.16322622e+00  0.00000000e+00  1.00000000e+00
  1.16422559e+00  0.00000000e+00  1.00000000e+00
  1.16522496e+00  0.00000000e+00  1.00000000e+00
  1.16622432e+00  0.00000000e+00  1.00000000e+00
  1.16722369e+00  0.00000000e+00  1.00000000e+00
  1.16822306e+00  0.00000000e+00  1.00000000e+00
  1.16922242e+00  0.00000000e+00  1.00000000e+00
  1.17022179e+00  0.00000000e+00  1.00000000e+00
  1.17122115e+00  0.00000000e+00  1.00000000e+00
  1.17222052e+00  0.00000000e+00  1.00000000e+00
  1.17321989e+00  0.00000000e+00  1.00000000e+00
  1.17421925e+00  0.00000000e+00  1.00000000e+00
  1.17521862e+00  0.00000000e+00  1.00000000e+00
  1.17621799e+00  0.00000000e+00  1.00000000e+00
  1.17721735e+00  0.00000000e+00  1.00000000e+00
  1.17821672e+00  0.00000000e+00  1.00000000e+00
  1.17921609e+00  0.00000000e+00  1.00000000e+00
  1.18021545e+00  0.00000000e+00  1.00000000e+00
  1.18121482e+00  0.00000000e+00  1.00000000e+00
  1.18221419e+00  0.00000000e+00  1.00000000e+00
  1.18321355e+00  0.00000000e+00  1.00000000e+00
  1.18421292e+00  0.00000000e+00  1.00000000e+00
  1.18521229e+00  0.00000000e+00  1.00000000e+00
  1.18621165e+00  0.00000000e+00  1.00000000e+00
  1.18721102e+00  0.00000000e+00  1.00000000e+00
  1.18821039e+00  0.00000000e+00  1.00000000e+00
  1.18920975e+00  0.00000000e+00  1.00000000e+00
  1.19020912e+00  0.00000000e+00  1.00000000e+00
  1.19120849e+00  0.00000000e+00  1.00000000e+00
  1.19220785e+00  0.00000000e+00  1.00000000e+00
  1.19320722e+00  0.00000000e+00  1.00000000e+00
  1.19420659e+00  0.00000000e+00  1.00000000e+00
  1.19520595e+00  0.00000000e+00  1.00000000e+00
  1.19620532e+00  0.00000000e+00  1.00000000e+00
  1.19720469e+00  0.00000000e+00  1.00000000e+00
  1.19820405e+00  0.00000000e+00  1.00000000e+00
  1.19920342e+00  0.00000000e+00  1.00000000e+00
  1.20020279e+00  0.00000000e+00  1.00000000e+00
  1.20120215e+00  0.00000000e+00  1.00000000e+00
  1.20220152e+00  0.00000000e+00  1.00000000e+00
  1.20320089e+00  0.00000000e+00  1.00000000e+00
  1.20420025e+00  0.00000000e+00  1.00000000e+00
  1.20519962e+00  0.00000000e+00  1.00000000e+00
  1.20619899e+00  0.00000000e+00  1.00000000e+00
  1.20719835e+00  0.00000000e+00  1.00000000e+00
  1.20819772e+00  0.00000000e+00  1.00000000e+00
  1.20919709e+00  0.00000000e+00  1.00000000e+00
  1.21019645e+00  0.00000000e+00  1.00000000e+00
  1.21119582e+00  0.00000000e+00  1.00000000e+00
  1.21219519e+00  0.00000000e+00  1.00000000e+00
  1.21319455e+00  0.00000000e+00  1.00000000e+00
  1.21419392e+00  0.00000000e+00  1.00000000e+00
  1.21519329e+00  0.00000000e+00  1.00000000e+00
  1.21619265e+00  0.00000000e+00  1.00000000e+00
  1.21719202e+00  0.00000000e+00  1.00000000e+00
  1.21819139e+00  0.00000000e+00  1.00000000e+00
  1.21919075e+00  0.00000000e+00  1.00000000e+00
  1.22019012e+00  0.00000000e+00  1.00000000e+00
  1.22118949e+00  0.00000000e+00  1.00000000e+00
  1.22218885e+00  0.00000000e+00  1.00000000e+00
  1.22318822e+00  0.00000000e+00  1.00000000e+00
  1.22418759e+00  0.00000000e+00  1.00000000e+00
  1.22518695e+00  0.00000000e+00  1.00000000e+00
  1.22618632e+00  0.00000000e+00  1.00000000e+00
  1.22718569e+00  0.00000000e+00  1.00000000e+00
  1.22818505e+00  0.00000000e+00  1.00000000e+00
  1.22918442e+00  0.00000000e+00  1.00000000e+00
  1.23018379e+00  0.00000000e+00  1.00000000e+00
  1.23118315e+00  0.00000000e+00  1.00000000e+00
  1.23218252e+00  0.00000000e+00  1.00000000e+00
  1.23318189e+00  0.00000000e+00  1.00000000e+00
  1.23418125e+00  0.00000000e+00  1.00000000e+00
  1.23518062e+00  0.00000000e+00  1.00000000e+00
  1.23617999e+00  0.00000000e+00  1.00000000e+00
  1.23717935e+00  0.00000000e+00  1.00000000e+00
  1.23817872e+00  0.00000000e+00  1.00000000e+00
  1.23917809e+00  0.00000000e+00  1.00000000e+00
  1.24017745e+00  0.00000000e+00  1.00000000e+00
  1.24117682e+00  0.00000000e+00  1.00000000e+00
  1.24217619e+00  0.00000000e+00  1.00000000e+00
  1.24317555e+00  0.00000000e+00  1.00000000e+00
  1.24417492e+00  0.00000000e+00  1.00000000e+00
  1.24517429e+00  0.00000000e+00  1.00000000e+00
  1.24617365e+00  0.00000000e+00  1.00000000e+00
  1.24717302e+00  0.00000000e+00  1.00000000e+00
  1.24817239e+00  0.00000000e+00  1.00000000e+00
  1.24917175e+00  0.00000000e+00  1.00000000e+00
  1.25017112e+00  0.00000000e+00  1.00000000e+00
  1.25117048e+00  0.00000000e+00  1.00000000e+00
  1.25216985e+00  0.00000000e+00  1.00000000e+00
  1.25316922e+00  0.00000000e+00  1.00000000e+00
  1.25416858e+00  0.00000000e+00  1.00000000e+00
  1.25516795e+00  0.00000000e+00  1.00000000e+00
  1.25616732e+00  0.00000000e+00  1.00000000e+00
  1.25716668e+00  0.00000000e+00  1.00000000e+00
  1.25816605e+00  0.00000000e+00  1.00000000e+00
  1.25916542e+00  0.00000000e+00  1.00000000e+00
  1.26016478e+00  0.00000000e+00  1.00000000e+00
  1.26116415e+00  0.00000000e+00  1.00000000e+00
  1.26216352e+00  0.00000000e+00  1.00000000e+00
  1.26316288e+00  0.00000000e+00  1.00000000e+00
  1.26416225e+00  0.00000000e+00  1.00000000e+00
  1.26516162e+00  0.00000000e+00  1.00000000e+00
  1.26616098e+00  0.00000000e+00  1.00000000e+00
  1.26716035e+00  0.00000000e+00  1.00000000e+00
  1.26815972e+00  0.00000000e+00  1.00000000e+00
  1.26915908e+00  0.00000000e+00  1.00000000e+00
  1.27015845e+00  0.00000000e+00  1.00000000e+00
  1.27115782e+00  0.00000000e+00  1.00000000e+00
  1.27215718e+00  0.00000000e+00  1.00000000e+00
  1.27315655e+00  0.00000000e+00  1.00000000e+00
  1.27415592e+00  0.00000000e+00  1.00000000e+00
  1.27515528e+00  0.00000000e+00  1.00000000e+00
  1.27615465e+00  0.00000000e+00  1.00000000e+00
  1.27715402e+00  0.00000000e+00  1.00000000e+00
  1.27815338e+00  0.00000000e+00  1.00000000e+00
  1.27915275e+00  0.00000000e+00  1.00000000e+00
  1.28015212e+00  0.00000000e+00  1.00000000e+00
  1.28115148e+00  0.00000000e+00  1.00000000e+00
  1.28215085e+00  0.00000000e+00  1.00000000e+00
  1.28315022e+00  0.00000000e+00  1.00000000e+00
  1.28414958e+00  0.00000000e+00  1.00000000e+00
  1.28514895e+00  0.00000000e+00  1.00000000e+00
  1.28614832e+00  0.00000000e+00  1.00000000e+00
  1.28714768e+00  0.00000000e+00  1.00000000e+00
  1.28814705e+00  0.00000000e+00  1.00000000e+00
  1.28914642e+00  0.00000000e+00  1.00000000e+00
  1.29014578e+00  0.00000000e+00  1.00000000e+00
  1.29114515e+00  0.00000000e+00  1.00000000e+00
  1.29214452e+00  0.00000000e+00  1.00000000e+00
  1.29314388e+00  0.00000000e+00  1.00000000e+00
  1.29414325e+00  0.00000000e+00  1.00000000e+00
  1.29514262e+00  0.00000000e+00  1.00000000e+00
  1.29614198e+00  0.00000000e+00  1.00000000e+00
  1.29714135e+00  0.00000000e+00  1.00000000e+00
  1.29814072e+00  0.00000000e+00  1.00000000e+00
  1.29914008e+00  0.00000000e+00  1.00000000e+00
  1.30013945e+00  0.00000000e+00  1.00000000e+00
  1.30113882e+00  0.00000000e+00  1.00000000e+00
  1.30213818e+00  0.00000000e+00  1.00000000e+00
  1.30313755e+00  0.00000000e+00  1.00000000e+00
  1.30413692e+00  0.00000000e+00  1.00000000e+00
  1.30513628e+00  0.00000000e+00  1.00000000e+00
  1.30613565e+00  0.00000000e+00  1.00000000e+00
  1.30713502e+00  0.00000000e+00  1.00000000e+00
  1.30813438e+00  0.00000000e+00  1.00000000e+00
  1.30913375e+00  0.00000000e+00  1.00000000e+00
  1.31013312e+00  0.00000000e+00  1.00000000e+00
  1.31113248e+00  0.00000000e+00  1.00000000e+00
  1.31213185e+00  0.00000000e+00  1.00000000e+00
  1.31313122e+00  0.00000000e+00  1.00000000e+00
  1.31413058e+00  0.00000000e+00  1.00000000e+00
  1.31512995e+00  0.00000000e+00  1.00000000e+00
  1.31612932e+00  0.00000000e+00  1.00000000e+00
  1.31712868e+00  0.00000000e+00  1.00000000e+00
  1.31812805e+00  0.00000000e+00  1.00000000e+00
  1.31912742e+00  0.00000000e+00  1.00000000e+00
  1.32012678e+00  0.00000000e+00  1.00000000e+00
  1.32112615e+00  0.00000000e+00  1.00000000e+00
  1.32212552e+00  0.00000000e+00  1.00000000e+00
  1.32312488e+00  0.00000000e+00  1.00000000e+00
  1.32412425e+00  0.00000000e+00  1.00000000e+00
  1.32512362e+00  0.00000000e+00  1.00000000e+00
  1.32612298e+00  0.00000000e+00  1.00000000e+00
  1.32712235e+00  0.00000000e+00  1.00000000e+00
  1.32812171e+00  0.00000000e+00  1.00000000e+00
  1.32912108e+00  0.00000000e+00  1.00000000e+00
  1.33012045e+00  0.00000000e+00  1.00000000e+00
  1.33111981e+00  0.00000000e+00  1.00000000e+00
  1.33211918e+00  0.00000000e+00  1.00000000e+00
  1.33311855e+00  0.00000000e+00  1.00000000e+00
  1.33411791e+00  0.00000000e+00  1.00000000e+00
  1.33511728e+00  0.00000000e+00  1.00000000e+00
  1.33611665e+00  0.00000000e+00  1.00000000e+00
  1.33711601e+00  0.00000000e+00  1.00000000e+00
  1.33811538e+00  0.00000000e+00  1.00000000e+00
  1.33911475e+00  0.00000000e+00  1.00000000e+00
  1.34011411e+00  0.00000000e+00  1.00000000e+00
  1.34111348e+00  0.00000000e+00  1.00000000e+00
  1.34211285e+00  0.00000000e+00  1.00000000e+00
  1.34311221e+00  0.00000000e+00  1.00000000e+00
  1.34411158e+00  0.00000000e+00  1.00000000e+00
  1.34511095e+00  0.00000000e+00  1.00000000e+00
  1.34611031e+00  0.00000000e+00  1.00000000e+00
  1.34710968e+00  0.00000000e+00  1.00000000e+00
  1.34810905e+00  0.00000000e+00  1.00000000e+00
  1.34910841e+00  0.00000000e+00  1.00000000e+00
  1.35010778e+00  0.00000000e+00  1.00000000e+00
  1.35110715e+00  0.00000000e+00  1.00000000e+00
  1.35210651e+00  0.00000000e+00  1.00000000e+00
  1.35310588e+00  0.00000000e+00  1.00000000e+00
  1.35410525e+00  0.00000000e+00  1.00000000e+00
  1.35510461e+00  0.00000000e+00  1.00000000e+00
  1.35610398e+00  0.00000000e+00  1.00000000e+00
  1.35710335e+00  0.00000000e+00  1.00000000e+00
  1.35810271e+00  0.00000000e+00  1.00000000e+00
  1.35910208e+00  0.00000000e+00  1.00000000e+00
  1.36010145e+00  0.00000000e+00  1.00000000e+00
  1.36110081e+00  0.00000000e+00  1.00000000e+00
  1.36210018e+00  0.00000000e+00  1.00000000e+00
  1.36309955e+00  0.00000000e+00  1.00000000e+00
  1.36409891e+00  0.00000000e+00  1.00000000e+00
  1.36509828e+00  0.00000000e+00  1.00000000e+00
  1.36609765e+00  0.00000000e+00  1.00000000e+00
  1.36709701e+00  0.00000000e+00  1.00000000e+00
  1.36809638e+00  0.00000000e+00  1.00000000e+00
  1.36909575e+00  0.00000000e+00  1.00000000e+00
  1.37009511e+00  0.00000000e+00  1.00000000e+00
  1.37109448e+00  0.00000000e+00  1.00000000e+00
  1.37209385e+00  0.00000000e+00  1.00000000e+00
  1.37309321e+00  0.00000000e+00  1.00000000e+00
  1.37409258e+00  0.00000000e+00  1.00000000e+00
  1.37509195e+00  0.00000000e+00  1.00000000e+00
  1.37609131e+00  0.00000000e+00  1.00000000e+00
  1.37709068e+00  0.00000000e+00  1.00000000e+00
  1.37809005e+00  0.00000000e+00  1.00000000e+00
  1.37908941e+00  0.00000000e+00  1.00000000e+00
  1.38008878e+00  0.00000000e+00  1.00000000e+00
  1.38108815e+00  0.00000000e+00  1.00000000e+00
  1.38208751e+00  0.00000000e+00  1.00000000e+00
  1.38308688e+00  0.00000000e+00  1.00000000e+00
  1.38408625e+00  0.00000000e+00  1.00000000e+00
  1.38508561e+00  0.00000000e+00  1.00000000e+00
  1.38608498e+00  0.00000000e+00  1.00000000e+00
  1.38708435e+00  0.00000000e+00  1.00000000e+00
  1.38808371e+00  0.00000000e+00  1.00000000e+00
  1.38908308e+00  0.00000000e+00  1.00000000e+00
  1.39008245e+00  0.00000000e+00  1.00000000e+00
  1.39108181e+00  0.00000000e+00  1.00000000e+00
  1.39208118e+00  0.00000000e+00  1.00000000e+00
  1.39308055e+00  0.00000000e+00  1.00000000e+00
  1.39407991e+00  0.00000000e+00  1.00000000e+00
  1.39507928e+00  0.00000000e+00  1.00000000e+00
  1.39607865e+00  0.00000000e+00  1.00000000e+00
  1.39707801e+00  0.00000000e+00  1.00000000e+00
  1.39807738e+00  0.00000000e+00  1.00000000e+00
  1.39907675e+00  0.00000000e+00  1.00000000e+00
  1.40007611e+00  0.00000000e+00  1.00000000e+00
  1.40107548e+00  0.00000000e+00  1.00000000e+00
  1.40207485e+00  0.00000000e+00  1.00000000e+00
  1.40307421e+00  0.00000000e+00  1.00000000e+00
  1.40407358e+00  0.00000000e+00  1.00000000e+00
  1.40507294e+00  0.00000000e+00  1.00000000e+00
  1.40607231e+00  0.00000000e+00  1.00000000e+00
  1.40707168e+00  0.00000000e+00  1.00000000e+00
  1.40807104e+00  0.00000000e+00  1.00000000e+00
  1.40907041e+00  0.00000000e+00  1.00000000e+00
  1.41006978e+00  0.00000000e+00  1.00000000e+00
  1.41106914e+00  0.00000000e+00  1.00000000e+00
  1.41206851e+00  0.00000000e+00  1.00000000e+00
  1.41306788e+00  0.00000000e+00  1.00000000e+00
  1.41406724e+00  0.00000000e+00  1.00000000e+00
  1.41506661e+00  0.00000000e+00  1.00000000e+00
  1.41606598e+00  0.00000000e+00  1.00000000e+00
  1.41706534e+00  0.00000000e+00  1.00000000e+00
  1.41806471e+00  0.00000000e+00  1.00000000e+00
  1.41906408e+00  0.00000000e+00  1.00000000e+00
  1.42006344e+00  0.00000000e+00  1.00000000e+00
  1.42106281e+00  0.00000000e+00  1.00000000e+00
  1.42206218e+00  0.00000000e+00  1.00000000e+00
  1.42306154e+00  0.00000000e+00  1.00000000e+00
  1.42406091e+00  0.00000000e+00  1.00000000e+00
  1.42506028e+00  0.00000000e+00  1.00000000e+00
  1.42605964e+00  0.00000000e+00  1.00000000e+00
  1.42705901e+00  0.00000000e+00  1.00000000e+00
  1.42805838e+00  0.00000000e+00  1.00000000e+00
  1.42905774e+00  0.00000000e+00  1.00000000e+00
  1.43005711e+00  0.00000000e+00  1.00000000e+00
  1.43105648e+00  0.00000000e+00  1.00000000e+00
  1.43205584e+00  0.00000000e+00  1.00000000e+00
  1.43305521e+00  0.00000000e+00  1.00000000e+00
  1.43405458e+00  0.00000000e+00  1.00000000e+00
  1.43505394e+00  0.00000000e+00  1.00000000e+00
  1.43605331e+00  0.00000000e+00  1.00000000e+00
  1.43705268e+00  0.00000000e+00  1.00000000e+00
  1.43805204e+00  0.00000000e+00  1.00000000e+00
