 -5.09324618e-01  0.00000000e+00  0.00000000e+00
 -5.08325251e-01  1.32235776e-06  1.32235776e-06
 -5.07325884e-01  0.00000000e+00  1.32235776e-06
 -5.06326518e-01  0.00000000e+00  1.32235776e-06
 -5.05327151e-01  0.00000000e+00  1.32235776e-06
 -5.04327785e-01  0.00000000e+00  1.32235776e-06
 -5.03328418e-01  1.32235776e-06  2.64471553e-06
 -5.02329051e-01  0.00000000e+00  2.64471553e-06
 -5.01329685e-01  0.00000000e+00  2.64471553e-06
 -5.00330318e-01  0.00000000e+00  2.64471553e-06
 -4.99330951e-01  0.00000000e+00  2.64471553e-06
 -4.98331585e-01  0.00000000e+00  2.64471553e-06
 -4.97332218e-01  1.32235776e-06  3.96707329e-06
 -4.96332852e-01  0.00000000e+00  3.96707329e-06
 -4.95333485e-01  0.00000000e+00  3.96707329e-06
 -4.94334118e-01  0.00000000e+00  3.96707329e-06
 -4.93334752e-01  0.00000000e+00  3.96707329e-06
 -4.92335385e-01  0.00000000e+00  3.96707329e-06
 -4.91336018e-01  0.00000000e+00  3.96707329e-06
 -4.90336652e-01  0.00000000e+00  3.96707329e-06
 -4.89337285e-01  0.00000000e+00  3.96707329e-06
 -4.88337919e-01  0.00000000e+00  3.96707329e-06
 -4.87338552e-01  0.00000000e+00  3.96707329e-06
 -4.86339185e-01  1.32235776e-06  5.28943106e-06
 -4.85339819e-01  0.00000000e+00  5.28943106e-06
 -4.84340452e-01  0.00000000e+00  5.28943106e-06
 -4.83341085e-01  0.00000000e+00  5.28943106e-06
 -4.82341719e-01  0.00000000e+00  5.28943106e-06
 -4.81342352e-01  0.00000000e+00  5.28943106e-06
 -4.80342986e-01  0.00000000e+00  5.28943106e-06
 -4.79343619e-01  0.00000000e+00  5.28943106e-06
 -4.78344252e-01  0.00000000e+00  5.28943106e-06
 -4.77344886e-01  0.00000000e+00  5.28943106e-06
 -4.76345519e-01  2.64471553e-06  7.93414658e-06
 -4.75346152e-01  0.00000000e+00  7.93414658e-06
 -4.74346786e-01  1.32235776e-06  9.25650435e-06
 -4.73347419e-01  0.00000000e+00  9.25650435e-06
 -4.72348053e-01  1.32235776e-06  1.05788621e-05
 -4.71348686e-01  0.00000000e+00  1.05788621e-05
 -4.70349319e-01  0.00000000e+00  1.05788621e-05
 -4.69349953e-01  0.00000000e+00  1.05788621e-05
 -4.68350586e-01  0.00000000e+00  1.05788621e-05
 -4.67351219e-01  0.00000000e+00  1.05788621e-05
 -4.66351853e-01  0.00000000e+00  1.05788621e-05
 -4.65352486e-01  0.00000000e+00  1.05788621e-05
 -4.64353120e-01  0.00000000e+00  1.05788621e-05
 -4.63353753e-01  0.00000000e+00  1.05788621e-05
 -4.62354386e-01  0.00000000e+00  1.05788621e-05
 -4.61355020e-01  0.00000000e+00  1.05788621e-05
 -4.60355653e-01  0.00000000e+00  1.05788621e-05
 -4.59356287e-01  1.32235776e-06  1.19012199e-05
 -4.58356920e-01  0.00000000e+00  1.19012199e-05
 -4.57357553e-01  0.00000000e+00  1.19012199e-05
 -4.56358187e-01  0.00000000e+00  1.19012199e-05
 -4.55358820e-01  1.32235776e-06  1.32235776e-05
 -4.54359453e-01  0.00000000e+00  1.32235776e-05
 -4.53360087e-01  0.00000000e+00  1.32235776e-05
 -4.52360720e-01  0.00000000e+00  1.32235776e-05
 -4.51361354e-01  0.00000000e+00  1.32235776e-05
 -4.50361987e-01  0.00000000e+00  1.32235776e-05
 -4.49362620e-01  0.00000000e+00  1.32235776e-05
 -4.48363254e-01  0.00000000e+00  1.32235776e-05
 -4.47363887e-01  0.00000000e+00  1.32235776e-05
 -4.46364520e-01  0.00000000e+00  1.32235776e-05
 -4.45365154e-01  2.64471553e-06  1.58682932e-05
 -4.44365787e-01  1.32235776e-06  1.71906509e-05
 -4.43366421e-01  0.00000000e+00  1.71906509e-05
 -4.42367054e-01  0.00000000e+00  1.71906509e-05
 -4.41367687e-01  0.00000000e+00  1.71906509e-05
 -4.40368321e-01  0.00000000e+00  1.71906509e-05
 -4.39368954e-01  1.32235776e-06  1.85130087e-05
 -4.38369587e-01  0.00000000e+00  1.85130087e-05
 -4.37370221e-01  0.00000000e+00  1.85130087e-05
 -4.36370854e-01  0.00000000e+00  1.85130087e-05
 -4.35371488e-01  0.00000000e+00  1.85130087e-05
 -4.34372121e-01  0.00000000e+00  1.85130087e-05
 -4.33372754e-01  0.00000000e+00  1.85130087e-05
 -4.32373388e-01  0.00000000e+00  1.85130087e-05
 -4.31374021e-01  0.00000000e+00  1.85130087e-05
 -4.30374654e-01  0.00000000e+00  1.85130087e-05
 -4.29375288e-01  0.00000000e+00  1.85130087e-05
 -4.28375921e-01  0.00000000e+00  1.85130087e-05
 -4.27376555e-01  0.00000000e+00  1.85130087e-05
 -4.26377188e-01  0.00000000e+00  1.85130087e-05
 -4.25377821e-01  0.00000000e+00  1.85130087e-05
 -4.24378455e-01  0.00000000e+00  1.85130087e-05
 -4.23379088e-01  1.32235776e-06  1.98353665e-05
 -4.22379721e-01  0.00000000e+00  1.98353665e-05
 -4.21380355e-01  1.32235776e-06  2.11577242e-05
 -4.20380988e-01  1.32235776e-06  2.24800820e-05
 -4.19381622e-01  0.00000000e+00  2.24800820e-05
 -4.18382255e-01  1.32235776e-06  2.38024398e-05
 -4.17382888e-01  0.00000000e+00  2.38024398e-05
 -4.16383522e-01  0.00000000e+00  2.38024398e-05
 -4.15384155e-01  0.00000000e+00  2.38024398e-05
 -4.14384788e-01  0.00000000e+00  2.38024398e-05
 -4.13385422e-01  0.00000000e+00  2.38024398e-05
 -4.12386055e-01  1.32235776e-06  2.51247975e-05
 -4.11386689e-01  1.32235776e-06  2.64471553e-05
 -4.10387322e-01  0.00000000e+00  2.64471553e-05
 -4.09387955e-01  1.32235776e-06  2.77695130e-05
 -4.08388589e-01  0.00000000e+00  2.77695130e-05
 -4.07389222e-01  1.32235776e-06  2.90918708e-05
 -4.06389855e-01  0.00000000e+00  2.90918708e-05
 -4.05390489e-01  0.00000000e+00  2.90918708e-05
 -4.04391122e-01  0.00000000e+00  2.90918708e-05
 -4.03391756e-01  0.00000000e+00  2.90918708e-05
 -4.02392389e-01  0.00000000e+00  2.90918708e-05
 -4.01393022e-01  0.00000000e+00  2.90918708e-05
 -4.00393656e-01  0.00000000e+00  2.90918708e-05
 -3.99394289e-01  0.00000000e+00  2.90918708e-05
 -3.98394922e-01  0.00000000e+00  2.90918708e-05
 -3.97395556e-01  0.00000000e+00  2.90918708e-05
 -3.96396189e-01  0.00000000e+00  2.90918708e-05
 -3.95396823e-01  0.00000000e+00  2.90918708e-05
 -3.94397456e-01  0.00000000e+00  2.90918708e-05
 -3.93398089e-01  1.32235776e-06  3.04142286e-05
 -3.92398723e-01  0.00000000e+00  3.04142286e-05
 -3.91399356e-01  0.00000000e+00  3.04142286e-05
 -3.90399989e-01  0.00000000e+00  3.04142286e-05
 -3.89400623e-01  0.00000000e+00  3.04142286e-05
 -3.88401256e-01  0.00000000e+00  3.04142286e-05
 -3.87401890e-01  0.00000000e+00  3.04142286e-05
 -3.86402523e-01  1.32235776e-06  3.17365863e-05
 -3.85403156e-01  3.96707329e-06  3.57036596e-05
 -3.84403790e-01  0.00000000e+00  3.57036596e-05
 -3.83404423e-01  1.32235776e-06  3.70260174e-05
 -3.82405056e-01  0.00000000e+00  3.70260174e-05
 -3.81405690e-01  0.00000000e+00  3.70260174e-05
 -3.80406323e-01  1.32235776e-06  3.83483752e-05
 -3.79406957e-01  0.00000000e+00  3.83483752e-05
 -3.78407590e-01  1.32235776e-06  3.96707329e-05
 -3.77408223e-01  0.00000000e+00  3.96707329e-05
 -3.76408857e-01  0.00000000e+00  3.96707329e-05
 -3.75409490e-01  0.00000000e+00  3.96707329e-05
 -3.74410124e-01  1.32235776e-06  4.09930907e-05
 -3.73410757e-01  0.00000000e+00  4.09930907e-05
 -3.72411390e-01  2.64471553e-06  4.36378062e-05
 -3.71412024e-01  0.00000000e+00  4.36378062e-05
 -3.70412657e-01  0.00000000e+00  4.36378062e-05
 -3.69413290e-01  1.32235776e-06  4.49601640e-05
 -3.68413924e-01  2.64471553e-06  4.76048795e-05
 -3.67414557e-01  1.32235776e-06  4.89272373e-05
 -3.66415191e-01  0.00000000e+00  4.89272373e-05
 -3.65415824e-01  0.00000000e+00  4.89272373e-05
 -3.64416457e-01  2.64471553e-06  5.15719528e-05
 -3.63417091e-01  5.28943106e-06  5.68613838e-05
 -3.62417724e-01  1.32235776e-06  5.81837416e-05
 -3.61418357e-01  2.64471553e-06  6.08284571e-05
 -3.60418991e-01  0.00000000e+00  6.08284571e-05
 -3.59419624e-01  2.64471553e-06  6.34731727e-05
 -3.58420258e-01  3.96707329e-06  6.74402460e-05
 -3.57420891e-01  2.64471553e-06  7.00849615e-05
 -3.56421524e-01  1.32235776e-06  7.14073193e-05
 -3.55422158e-01  1.32235776e-06  7.27296770e-05
 -3.54422791e-01  0.00000000e+00  7.27296770e-05
 -3.53423424e-01  1.32235776e-06  7.40520348e-05
 -3.52424058e-01  2.64471553e-06  7.66967503e-05
 -3.51424691e-01  0.00000000e+00  7.66967503e-05
 -3.50425325e-01  2.64471553e-06  7.93414658e-05
 -3.49425958e-01  2.64471553e-06  8.19861814e-05
 -3.48426591e-01  3.96707329e-06  8.59532547e-05
 -3.47427225e-01  0.00000000e+00  8.59532547e-05
 -3.46427858e-01  6.61178882e-06  9.25650435e-05
 -3.45428491e-01  2.64471553e-06  9.52097590e-05
 -3.44429125e-01  1.32235776e-06  9.65321168e-05
 -3.43429758e-01  2.64471553e-06  9.91768323e-05
 -3.42430392e-01  2.64471553e-06  1.01821548e-04
 -3.41431025e-01  2.64471553e-06  1.04466263e-04
 -3.40431658e-01  2.64471553e-06  1.07110979e-04
 -3.39432292e-01  2.64471553e-06  1.09755694e-04
 -3.38432925e-01  2.64471553e-06  1.12400410e-04
 -3.37433558e-01  6.61178882e-06  1.19012199e-04
 -3.36434192e-01  2.64471553e-06  1.21656914e-04
 -3.35434825e-01  2.64471553e-06  1.24301630e-04
 -3.34435459e-01  2.64471553e-06  1.26946345e-04
 -3.33436092e-01  2.64471553e-06  1.29591061e-04
 -3.32436725e-01  5.28943106e-06  1.34880492e-04
 -3.31437359e-01  3.96707329e-06  1.38847565e-04
 -3.30437992e-01  3.96707329e-06  1.42814639e-04
 -3.29438625e-01  3.96707329e-06  1.46781712e-04
 -3.28439259e-01  3.96707329e-06  1.50748785e-04
 -3.27439892e-01  1.32235776e-06  1.52071143e-04
 -3.26440526e-01  5.28943106e-06  1.57360574e-04
 -3.25441159e-01  3.96707329e-06  1.61327647e-04
 -3.24441792e-01  5.28943106e-06  1.66617078e-04
 -3.23442426e-01  3.96707329e-06  1.70584152e-04
 -3.22443059e-01  2.64471553e-06  1.73228867e-04
 -3.21443692e-01  0.00000000e+00  1.73228867e-04
 -3.20444326e-01  0.00000000e+00  1.73228867e-04
 -3.19444959e-01  1.32235776e-06  1.74551225e-04
 -3.18445593e-01  3.96707329e-06  1.78518298e-04
 -3.17446226e-01  3.96707329e-06  1.82485371e-04
 -3.16446859e-01  1.05788621e-05  1.93064234e-04
 -3.15447493e-01  9.25650435e-06  2.02320738e-04
 -3.14448126e-01  1.32235776e-06  2.03643096e-04
 -3.13448759e-01  3.96707329e-06  2.07610169e-04
 -3.12449393e-01  6.61178882e-06  2.14221958e-04
 -3.11450026e-01  1.19012199e-05  2.26123178e-04
 -3.10450660e-01  7.93414658e-06  2.34057324e-04
 -3.09451293e-01  3.96707329e-06  2.38024398e-04
 -3.08451926e-01  6.61178882e-06  2.44636186e-04
 -3.07452560e-01  7.93414658e-06  2.52570333e-04
 -3.06453193e-01  3.96707329e-06  2.56537406e-04
 -3.05453826e-01  6.61178882e-06  2.63149195e-04
 -3.04454460e-01  3.96707329e-06  2.67116268e-04
 -3.03455093e-01  2.64471553e-06  2.69760984e-04
 -3.02455727e-01  5.28943106e-06  2.75050415e-04
 -3.01456360e-01  5.28943106e-06  2.80339846e-04
 -3.00456993e-01  2.64471553e-06  2.82984561e-04
 -2.99457627e-01  9.25650435e-06  2.92241066e-04
 -2.98458260e-01  6.61178882e-06  2.98852855e-04
 -2.97458893e-01  5.28943106e-06  3.04142286e-04
 -2.96459527e-01  5.28943106e-06  3.09431717e-04
 -2.95460160e-01  5.28943106e-06  3.14721148e-04
 -2.94460794e-01  1.19012199e-05  3.26622368e-04
 -2.93461427e-01  7.93414658e-06  3.34556514e-04
 -2.92462060e-01  7.93414658e-06  3.42490661e-04
 -2.91462694e-01  1.32235776e-06  3.43813019e-04
 -2.90463327e-01  7.93414658e-06  3.51747165e-04
 -2.89463961e-01  7.93414658e-06  3.59681312e-04
 -2.88464594e-01  3.96707329e-06  3.63648385e-04
 -2.87465227e-01  7.93414658e-06  3.71582532e-04
 -2.86465861e-01  2.11577242e-05  3.92740256e-04
 -2.85466494e-01  9.25650435e-06  4.01996760e-04
 -2.84467127e-01  1.32235776e-05  4.15220338e-04
 -2.83467761e-01  2.38024398e-05  4.39022778e-04
 -2.82468394e-01  1.05788621e-05  4.49601640e-04
 -2.81469028e-01  9.25650435e-06  4.58858144e-04
 -2.80469661e-01  6.61178882e-06  4.65469933e-04
 -2.79470294e-01  1.45459354e-05  4.80015868e-04
 -2.78470928e-01  1.45459354e-05  4.94561804e-04
 -2.77471561e-01  1.05788621e-05  5.05140666e-04
 -2.76472194e-01  1.58682932e-05  5.21008959e-04
 -2.75472828e-01  1.19012199e-05  5.32910179e-04
 -2.74473461e-01  1.19012199e-05  5.44811399e-04
 -2.73474095e-01  1.05788621e-05  5.55390261e-04
 -2.72474728e-01  1.19012199e-05  5.67291481e-04
 -2.71475361e-01  1.85130087e-05  5.85804489e-04
 -2.70475995e-01  1.45459354e-05  6.00350425e-04
 -2.69476628e-01  1.98353665e-05  6.20185791e-04
 -2.68477261e-01  3.04142286e-05  6.50600020e-04
 -2.67477895e-01  9.25650435e-06  6.59856524e-04
 -2.66478528e-01  5.28943106e-06  6.65145955e-04
 -2.65479162e-01  1.45459354e-05  6.79691891e-04
 -2.64479795e-01  1.98353665e-05  6.99527257e-04
 -2.63480428e-01  1.85130087e-05  7.18040266e-04
 -2.62481062e-01  2.11577242e-05  7.39197990e-04
 -2.61481695e-01  2.64471553e-05  7.65645145e-04
 -2.60482328e-01  1.58682932e-05  7.81513438e-04
 -2.59482962e-01  2.24800820e-05  8.03993520e-04
 -2.58483595e-01  1.85130087e-05  8.22506529e-04
 -2.57484229e-01  2.90918708e-05  8.51598400e-04
 -2.56484862e-01  1.58682932e-05  8.67466693e-04
 -2.55485495e-01  2.90918708e-05  8.96558564e-04
 -2.54486129e-01  1.98353665e-05  9.16393930e-04
 -2.53486762e-01  2.90918708e-05  9.45485801e-04
 -2.52487395e-01  2.24800820e-05  9.67965883e-04
 -2.51488029e-01  1.58682932e-05  9.83834176e-04
 -2.50488662e-01  2.24800820e-05  1.00631426e-03
 -2.49489296e-01  3.04142286e-05  1.03672849e-03
 -2.48489929e-01  2.90918708e-05  1.06582036e-03
 -2.47490562e-01  2.77695130e-05  1.09358987e-03
 -2.46491196e-01  2.77695130e-05  1.12135938e-03
 -2.45491829e-01  2.77695130e-05  1.14912890e-03
 -2.44492462e-01  3.57036596e-05  1.18483256e-03
 -2.43493096e-01  2.64471553e-05  1.21127971e-03
 -2.42493729e-01  3.30589441e-05  1.24433866e-03
 -2.41494363e-01  2.90918708e-05  1.27343053e-03
 -2.40494996e-01  4.23154484e-05  1.31574598e-03
 -2.39495629e-01  2.90918708e-05  1.34483785e-03
 -2.38496263e-01  3.17365863e-05  1.37657443e-03
 -2.37496896e-01  2.77695130e-05  1.40434395e-03
 -2.36497529e-01  3.30589441e-05  1.43740289e-03
 -2.35498163e-01  2.64471553e-05  1.46385004e-03
 -2.34498796e-01  4.36378062e-05  1.50748785e-03
 -2.33499430e-01  2.64471553e-05  1.53393501e-03
 -2.32500063e-01  2.64471553e-05  1.56038216e-03
 -2.31500696e-01  2.90918708e-05  1.58947403e-03
 -2.30501330e-01  3.57036596e-05  1.62517769e-03
 -2.29501963e-01  5.42166683e-05  1.67939436e-03
 -2.28502596e-01  4.23154484e-05  1.72170981e-03
 -2.27503230e-01  3.83483752e-05  1.76005818e-03
 -2.26503863e-01  4.36378062e-05  1.80369599e-03
 -2.25504497e-01  4.49601640e-05  1.84865615e-03
 -2.24505130e-01  4.62825217e-05  1.89493868e-03
 -2.23505763e-01  3.04142286e-05  1.92535290e-03
 -2.22506397e-01  5.68613838e-05  1.98221429e-03
 -2.21507030e-01  3.96707329e-05  2.02188502e-03
 -2.20507663e-01  4.49601640e-05  2.06684518e-03
 -2.19508297e-01  4.89272373e-05  2.11577242e-03
 -2.18508930e-01  4.09930907e-05  2.15676551e-03
 -2.17509564e-01  5.28943106e-05  2.20965982e-03
 -2.16510197e-01  4.36378062e-05  2.25329763e-03
 -2.15510830e-01  5.02495950e-05  2.30354722e-03
 -2.14511464e-01  4.89272373e-05  2.35247446e-03
 -2.13512097e-01  5.81837416e-05  2.41065820e-03
 -2.12512730e-01  6.74402460e-05  2.47809845e-03
 -2.11513364e-01  6.08284571e-05  2.53892691e-03
 -2.10513997e-01  3.96707329e-05  2.57859764e-03
 -2.09514631e-01  6.34731727e-05  2.64207081e-03
 -2.08515264e-01  6.08284571e-05  2.70289927e-03
 -2.07515897e-01  5.68613838e-05  2.75976065e-03
 -2.06516531e-01  6.61178882e-05  2.82587854e-03
 -2.05517164e-01  6.61178882e-05  2.89199643e-03
 -2.04517797e-01  7.80191081e-05  2.97001554e-03
 -2.03518431e-01  6.87626037e-05  3.03877814e-03
 -2.02519064e-01  6.74402460e-05  3.10621839e-03
 -2.01519698e-01  8.19861814e-05  3.18820457e-03
 -2.00520331e-01  7.66967503e-05  3.26490132e-03
 -1.99520964e-01  9.52097590e-05  3.36011108e-03
 -1.98521598e-01  6.74402460e-05  3.42755132e-03
 -1.97522231e-01  9.65321168e-05  3.52408344e-03
 -1.96522865e-01  8.19861814e-05  3.60606962e-03
 -1.95523498e-01  6.47955304e-05  3.67086515e-03
 -1.94524131e-01  7.14073193e-05  3.74227247e-03
 -1.93524765e-01  8.99203279e-05  3.83219280e-03
 -1.92525398e-01  8.19861814e-05  3.91417898e-03
 -1.91526031e-01  8.06638236e-05  3.99484280e-03
 -1.90526665e-01  1.05788621e-04  4.10063143e-03
 -1.89527298e-01  9.52097590e-05  4.19584118e-03
 -1.88527932e-01  1.09755694e-04  4.30559688e-03
 -1.87528565e-01  9.91768323e-05  4.40477371e-03
 -1.86529198e-01  8.46308969e-05  4.48940461e-03
 -1.85529832e-01  8.85979702e-05  4.57800258e-03
 -1.84530465e-01  1.09755694e-04  4.68775827e-03
 -1.83531098e-01  7.93414658e-05  4.76709974e-03
 -1.82531732e-01  9.38874012e-05  4.86098714e-03
 -1.81532365e-01  1.36202850e-04  4.99718999e-03
 -1.80532999e-01  1.26946345e-04  5.12413634e-03
 -1.79533632e-01  1.21656914e-04  5.24579325e-03
 -1.78534265e-01  1.15045125e-04  5.36083837e-03
 -1.77534899e-01  1.32235776e-04  5.49307415e-03
 -1.76535532e-01  1.12400410e-04  5.60547456e-03
 -1.75536165e-01  1.32235776e-04  5.73771034e-03
 -1.74536799e-01  1.20334557e-04  5.85804489e-03
 -1.73537432e-01  1.38847565e-04  5.99689246e-03
 -1.72538066e-01  9.52097590e-05  6.09210222e-03
 -1.71538699e-01  1.34880492e-04  6.22698271e-03
 -1.70539332e-01  1.57360574e-04  6.38434328e-03
 -1.69539966e-01  1.52071143e-04  6.53641443e-03
 -1.68540599e-01  1.19012199e-04  6.65542663e-03
 -1.67541232e-01  1.41492281e-04  6.79691891e-03
 -1.66541866e-01  1.56038216e-04  6.95295712e-03
 -1.65542499e-01  1.54715858e-04  7.10767298e-03
 -1.64543133e-01  1.36202850e-04  7.24387583e-03
 -1.63543766e-01  1.63972363e-04  7.40784819e-03
 -1.62544399e-01  1.40169923e-04  7.54801812e-03
 -1.61545033e-01  1.62650005e-04  7.71066812e-03
 -1.60545666e-01  1.66617078e-04  7.87728520e-03
 -1.59546299e-01  1.53393501e-04  8.03067870e-03
 -1.58546933e-01  1.66617078e-04  8.19729578e-03
 -1.57547566e-01  1.62650005e-04  8.35994578e-03
 -1.56548200e-01  1.83807729e-04  8.54375351e-03
 -1.55548833e-01  1.71906509e-04  8.71566002e-03
 -1.54549466e-01  1.67939436e-04  8.88359946e-03
 -1.53550100e-01  2.07610169e-04  9.09120963e-03
 -1.52550733e-01  1.95708949e-04  9.28691858e-03
 -1.51551366e-01  2.43313829e-04  9.53023240e-03
 -1.50552000e-01  2.04965453e-04  9.73519786e-03
 -1.49552633e-01  2.03643096e-04  9.93884095e-03
 -1.48553267e-01  2.15544316e-04  1.01543853e-02
 -1.47553900e-01  2.51247975e-04  1.04056332e-02
 -1.46554533e-01  2.16866673e-04  1.06224999e-02
 -1.45555167e-01  1.94386591e-04  1.08168865e-02
 -1.44555800e-01  2.63149195e-04  1.10800357e-02
 -1.43556433e-01  2.22156104e-04  1.13021918e-02
 -1.42557067e-01  1.93064234e-04  1.14952560e-02
 -1.41557700e-01  2.39346755e-04  1.17346028e-02
 -1.40558334e-01  2.47280902e-04  1.19818837e-02
 -1.39558967e-01  2.52570333e-04  1.22344540e-02
 -1.38559600e-01  2.36702040e-04  1.24711561e-02
 -1.37560234e-01  2.64471553e-04  1.27356276e-02
 -1.36560867e-01  2.79017488e-04  1.30146451e-02
 -1.35561500e-01  2.85629277e-04  1.33002744e-02
 -1.34562134e-01  2.79017488e-04  1.35792919e-02
 -1.33562767e-01  2.68438626e-04  1.38477305e-02
 -1.32563401e-01  2.84306919e-04  1.41320374e-02
 -1.31564034e-01  3.04142286e-04  1.44361797e-02
 -1.30564667e-01  2.98852855e-04  1.47350326e-02
 -1.29565301e-01  2.82984561e-04  1.50180171e-02
 -1.28565934e-01  3.17365863e-04  1.53353830e-02
 -1.27566567e-01  2.81662204e-04  1.56170452e-02
 -1.26567201e-01  3.12076432e-04  1.59291216e-02
 -1.25567834e-01  2.84306919e-04  1.62134285e-02
 -1.24568468e-01  3.47780092e-04  1.65612086e-02
 -1.23569101e-01  3.09431717e-04  1.68706404e-02
 -1.22569734e-01  2.84306919e-04  1.71549473e-02
 -1.21570368e-01  3.14721148e-04  1.74696684e-02
 -1.20571001e-01  3.47780092e-04  1.78174485e-02
 -1.19571634e-01  3.26622368e-04  1.81440709e-02
 -1.18572268e-01  3.34556514e-04  1.84786274e-02
 -1.17572901e-01  3.71582532e-04  1.88502099e-02
 -1.16573535e-01  3.39845945e-04  1.91900559e-02
 -1.15574168e-01  3.83483752e-04  1.95735396e-02
 -1.14574801e-01  3.67615458e-04  1.99411551e-02
 -1.13575435e-01  3.61003670e-04  2.03021587e-02
 -1.12576068e-01  3.90095540e-04  2.06922543e-02
 -1.11576702e-01  4.03319118e-04  2.10955734e-02
 -1.10577335e-01  4.52246355e-04  2.15478198e-02
 -1.09577968e-01  3.53069523e-04  2.19008893e-02
 -1.08578602e-01  4.28443916e-04  2.23293332e-02
 -1.07579235e-01  4.16542696e-04  2.27458759e-02
 -1.06579868e-01  3.87450825e-04  2.31333267e-02
 -1.05580502e-01  4.80015868e-04  2.36133426e-02
 -1.04581135e-01  4.69437006e-04  2.40827796e-02
 -1.03581769e-01  4.64147575e-04  2.45469272e-02
 -1.02582402e-01  4.70759364e-04  2.50176865e-02
 -1.01583035e-01  4.53568713e-04  2.54712552e-02
 -1.00583669e-01  4.53568713e-04  2.59248240e-02
 -9.95843020e-02  4.46956924e-04  2.63717809e-02
 -9.85849354e-02  4.53568713e-04  2.68253496e-02
 -9.75855688e-02  5.43489041e-04  2.73688386e-02
 -9.65862022e-02  4.80015868e-04  2.78488545e-02
 -9.55868355e-02  5.35554894e-04  2.83844094e-02
 -9.45874689e-02  4.69437006e-04  2.88538464e-02
 -9.35881023e-02  5.59357334e-04  2.94132037e-02
 -9.25887357e-02  5.15719528e-04  2.99289233e-02
 -9.15893690e-02  5.46133756e-04  3.04750570e-02
 -9.05900024e-02  5.26298390e-04  3.10013554e-02
 -8.95906358e-02  5.46133756e-04  3.15474892e-02
 -8.85912692e-02  6.18863434e-04  3.21663526e-02
 -8.75919025e-02  5.68613838e-04  3.27349664e-02
 -8.65925359e-02  5.73903270e-04  3.33088697e-02
 -8.55931693e-02  5.77870343e-04  3.38867401e-02
 -8.45938027e-02  5.96383352e-04  3.44831234e-02
 -8.35944360e-02  6.21508149e-04  3.51046316e-02
 -8.25950694e-02  6.01672783e-04  3.57063043e-02
 -8.15957028e-02  6.51922378e-04  3.63582267e-02
 -8.05963362e-02  6.45310589e-04  3.70035373e-02
 -7.95969696e-02  6.55889451e-04  3.76594268e-02
 -7.85976029e-02  6.51922378e-04  3.83113491e-02
 -7.75982363e-02  7.23329697e-04  3.90346788e-02
 -7.65988697e-02  6.86303679e-04  3.97209825e-02
 -7.55995031e-02  6.81014248e-04  4.04019968e-02
 -7.46001364e-02  6.55889451e-04  4.10578862e-02
 -7.36007698e-02  7.11428477e-04  4.17693147e-02
 -7.26014032e-02  7.57710999e-04  4.25270257e-02
 -7.16020366e-02  6.95560184e-04  4.32225859e-02
 -7.06026699e-02  6.96882542e-04  4.39194684e-02
 -6.96033033e-02  7.80191081e-04  4.46996595e-02
 -6.86039367e-02  7.41842706e-04  4.54415022e-02
 -6.76045701e-02  7.69612219e-04  4.62111144e-02
 -6.66052034e-02  7.88125227e-04  4.69992396e-02
 -6.56058368e-02  7.65645145e-04  4.77648848e-02
 -6.46064702e-02  7.88125227e-04  4.85530100e-02
 -6.36071036e-02  8.21184171e-04  4.93741942e-02
 -6.26077369e-02  8.00026447e-04  5.01742206e-02
 -6.16083703e-02  8.56887831e-04  5.10311085e-02
 -6.06090037e-02  7.92092301e-04  5.18232008e-02
 -5.96096371e-02  8.75400840e-04  5.26986016e-02
 -5.86102705e-02  8.99203279e-04  5.35978049e-02
 -5.76109038e-02  9.66643525e-04  5.45644484e-02
 -5.66115372e-02  8.97880922e-04  5.54623293e-02
 -5.56121706e-02  9.19038646e-04  5.63813680e-02
 -5.46128040e-02  9.12426857e-04  5.72937948e-02
 -5.36134373e-02  8.79367913e-04  5.81731627e-02
 -5.26140707e-02  9.94413038e-04  5.91675758e-02
 -5.16147041e-02  9.85156534e-04  6.01527323e-02
 -5.06153375e-02  9.77222388e-04  6.11299547e-02
 -4.96159708e-02  1.03672849e-03  6.21666832e-02
 -4.86166042e-02  1.04730735e-03  6.32139905e-02
 -4.76172376e-02  9.97057754e-04  6.42110483e-02
 -4.66178710e-02  1.03011670e-03  6.52411650e-02
 -4.56185043e-02  1.02218255e-03  6.62633475e-02
 -4.46191377e-02  1.00102483e-03  6.72643724e-02
 -4.36197711e-02  1.02350491e-03  6.82878773e-02
 -4.26204045e-02  1.06053093e-03  6.93484082e-02
 -4.16210379e-02  1.03011670e-03  7.03785249e-02
 -4.06216712e-02  1.14119475e-03  7.15197197e-02
 -3.96223046e-02  1.14912890e-03  7.26688486e-02
 -3.86229380e-02  1.12532646e-03  7.37941750e-02
 -3.76235714e-02  1.13061589e-03  7.49247909e-02
 -3.66242047e-02  1.16367483e-03  7.60884657e-02
 -3.56248381e-02  1.15574069e-03  7.72442064e-02
 -3.46254715e-02  1.21392443e-03  7.84581308e-02
 -3.36261049e-02  1.19673378e-03  7.96548646e-02
 -3.26267382e-02  1.20599028e-03  8.08608549e-02
 -3.16273716e-02  1.14119475e-03  8.20020497e-02
 -3.06280050e-02  1.23111508e-03  8.32331647e-02
 -2.96286384e-02  1.23243744e-03  8.44656022e-02
 -2.86292717e-02  1.27739760e-03  8.57429998e-02
 -2.76299051e-02  1.27475288e-03  8.70177527e-02
 -2.66305385e-02  1.30913419e-03  8.83268868e-02
 -2.56311719e-02  1.23375979e-03  8.95606466e-02
 -2.46318053e-02  1.30648947e-03  9.08671361e-02
 -2.36324386e-02  1.39376508e-03  9.22609012e-02
 -2.26330720e-02  1.37525207e-03  9.36361533e-02
 -2.16337054e-02  1.33029191e-03  9.49664452e-02
 -2.06343388e-02  1.38715329e-03  9.63535985e-02
 -1.96349721e-02  1.34748256e-03  9.77010810e-02
 -1.86356055e-02  1.41624517e-03  9.91173262e-02
 -1.76362389e-02  1.52467850e-03  1.00642005e-01
 -1.66368723e-02  1.44665939e-03  1.02088664e-01
 -1.56375056e-02  1.49294192e-03  1.03581606e-01
 -1.46381390e-02  1.52732322e-03  1.05108929e-01
 -1.36387724e-02  1.45988297e-03  1.06568812e-01
 -1.26394058e-02  1.61988826e-03  1.08188700e-01
 -1.16400391e-02  1.51277728e-03  1.09701478e-01
 -1.06406725e-02  1.61195411e-03  1.11313432e-01
 -9.64130590e-03  1.57492810e-03  1.12888360e-01
 -8.64193928e-03  1.63707891e-03  1.14525439e-01
 -7.64257265e-03  1.62914477e-03  1.16154584e-01
 -6.64320603e-03  1.61988826e-03  1.17774472e-01
 -5.64383941e-03  1.58682932e-03  1.19361301e-01
 -4.64447278e-03  1.62517769e-03  1.20986479e-01
 -3.64510616e-03  1.65162485e-03  1.22638104e-01
 -2.64573953e-03  1.62782241e-03  1.24265926e-01
 -1.64637291e-03  1.69922973e-03  1.25965156e-01
 -6.47006288e-04  1.78386062e-03  1.27749016e-01
  3.52360336e-04  1.79311713e-03  1.29542134e-01
  1.35172696e-03  1.72038745e-03  1.31262521e-01
  2.35109358e-03  1.74418989e-03  1.33006711e-01
  3.35046021e-03  1.76534761e-03  1.34772059e-01
  4.34982683e-03  1.76402526e-03  1.36536084e-01
  5.34919345e-03  1.89097160e-03  1.38427055e-01
  6.34856008e-03  1.86584680e-03  1.40292902e-01
  7.34792670e-03  1.85659030e-03  1.42149493e-01
  8.34729332e-03  1.85262323e-03  1.44002116e-01
  9.34665995e-03  1.99147079e-03  1.45993587e-01
  1.03460266e-02  2.03378624e-03  1.48027373e-01
  1.13453932e-02  1.93857648e-03  1.49965949e-01
  1.23447598e-02  2.08006876e-03  1.52046018e-01
  1.33441264e-02  1.93725412e-03  1.53983272e-01
  1.43434931e-02  1.90155046e-03  1.55884823e-01
  1.53428597e-02  1.93196469e-03  1.57816787e-01
  1.63422263e-02  2.05494397e-03  1.59871731e-01
  1.73415929e-02  2.00866144e-03  1.61880393e-01
  1.83409596e-02  2.06287811e-03  1.63943271e-01
  1.93403262e-02  2.12238421e-03  1.66065655e-01
  2.03396928e-02  2.09196998e-03  1.68157625e-01
  2.13390594e-02  2.11180535e-03  1.70269430e-01
  2.23384261e-02  2.11445006e-03  1.72383880e-01
  2.33377927e-02  2.17263381e-03  1.74556514e-01
  2.43371593e-02  2.19775860e-03  1.76754273e-01
  2.53365259e-02  2.12899600e-03  1.78883269e-01
  2.63358925e-02  2.28106714e-03  1.81164336e-01
  2.73352592e-02  2.26784357e-03  1.83432180e-01
  2.83346258e-02  2.20833747e-03  1.85640517e-01
  2.93339924e-02  2.25726470e-03  1.87897782e-01
  3.03333590e-02  2.27445535e-03  1.90172237e-01
  3.13327257e-02  2.33660617e-03  1.92508843e-01
  3.23320923e-02  2.31148137e-03  1.94820325e-01
  3.33314589e-02  2.37363219e-03  1.97193957e-01
  3.43308255e-02  2.34057324e-03  1.99534530e-01
  3.53301922e-02  2.32999438e-03  2.01864524e-01
  3.63295588e-02  2.51644682e-03  2.04380971e-01
  3.73289254e-02  2.35776389e-03  2.06738735e-01
  3.83282920e-02  2.28503422e-03  2.09023769e-01
  3.93276587e-02  2.41198056e-03  2.11435750e-01
  4.03270253e-02  2.37363219e-03  2.13809382e-01
  4.13263919e-02  2.49396674e-03  2.16303349e-01
  4.23257585e-02  2.45297365e-03  2.18756323e-01
  4.33251251e-02  2.51247975e-03  2.21268802e-01
  4.43244918e-02  2.59843301e-03  2.23867235e-01
  4.53238584e-02  2.55611756e-03  2.26423353e-01
  4.63232250e-02  2.56272935e-03  2.28986082e-01
  4.73225916e-02  2.61562366e-03  2.31601706e-01
  4.83219583e-02  2.54157162e-03  2.34143277e-01
  4.93213249e-02  2.61033423e-03  2.36753612e-01
  5.03206915e-02  2.64603789e-03  2.39399650e-01
  5.13200581e-02  2.64074845e-03  2.42040398e-01
  5.23194248e-02  2.67380740e-03  2.44714205e-01
  5.33187914e-02  2.75182651e-03  2.47466032e-01
  5.43181580e-02  2.69893220e-03  2.50164964e-01
  5.53175246e-02  2.78356309e-03  2.52948527e-01
  5.63168913e-02  2.77959602e-03  2.55728123e-01
  5.73162579e-02  2.84571391e-03  2.58573837e-01
  5.83156245e-02  2.86687163e-03  2.61440709e-01
  5.93149911e-02  2.83513505e-03  2.64275844e-01
  6.03143578e-02  2.85100334e-03  2.67126847e-01
  6.13137244e-02  2.92373302e-03  2.70050580e-01
  6.23130910e-02  2.91050944e-03  2.72961090e-01
  6.33124576e-02  2.94224602e-03  2.75903336e-01
  6.43118242e-02  2.95150253e-03  2.78854838e-01
  6.53111909e-02  3.04935700e-03  2.81904195e-01
  6.63105575e-02  2.94224602e-03  2.84846441e-01
  6.73099241e-02  3.07977123e-03  2.87926212e-01
  6.83092907e-02  2.94356838e-03  2.90869781e-01
  6.93086574e-02  3.12208668e-03  2.93991867e-01
  7.03080240e-02  2.98323912e-03  2.96975107e-01
  7.13073906e-02  3.08770538e-03  3.00062812e-01
  7.23067572e-02  3.06258058e-03  3.03125393e-01
  7.33061239e-02  3.15382327e-03  3.06279216e-01
  7.43054905e-02  3.24109888e-03  3.09520315e-01
  7.53048571e-02  3.22919766e-03  3.12749512e-01
  7.63042237e-02  3.38655823e-03  3.16136071e-01
  7.73035904e-02  3.16704684e-03  3.19303117e-01
  7.83029570e-02  3.24374359e-03  3.22546861e-01
  7.93023236e-02  3.22126351e-03  3.25768125e-01
  8.03016902e-02  3.19349400e-03  3.28961619e-01
  8.13010568e-02  3.16969156e-03  3.32131310e-01
  8.23004235e-02  3.30324969e-03  3.35434560e-01
  8.32997901e-02  3.41565010e-03  3.38850210e-01
  8.42991567e-02  3.37465701e-03  3.42224867e-01
  8.52985233e-02  3.38655823e-03  3.45611425e-01
  8.62978900e-02  3.42755132e-03  3.49038976e-01
  8.72972566e-02  3.38788059e-03  3.52426857e-01
  8.82966232e-02  3.49763629e-03  3.55924493e-01
  8.92959898e-02  3.51747165e-03  3.59441965e-01
  9.02953565e-02  3.46457734e-03  3.62906542e-01
  9.12947231e-02  3.59945783e-03  3.66506000e-01
  9.22940897e-02  3.62722735e-03  3.70133228e-01
  9.32934563e-02  3.55053060e-03  3.73683758e-01
  9.42928230e-02  3.62061556e-03  3.77304374e-01
  9.52921896e-02  3.64441800e-03  3.80948792e-01
  9.62915562e-02  3.59945783e-03  3.84548250e-01
  9.72909228e-02  3.65631922e-03  3.88204569e-01
  9.82902894e-02  3.70127938e-03  3.91905848e-01
  9.92896561e-02  3.66954279e-03  3.95575391e-01
  1.00289023e-01  3.75549605e-03  3.99330887e-01
  1.01288389e-01  3.64309564e-03  4.02973983e-01
  1.02287756e-01  3.80971272e-03  4.06783695e-01
  1.03287123e-01  3.75020662e-03  4.10533902e-01
  1.04286489e-01  3.73698304e-03  4.14270885e-01
  1.05285856e-01  3.89302126e-03  4.18163906e-01
  1.06285222e-01  3.89169890e-03  4.22055605e-01
  1.07284589e-01  3.85202817e-03  4.25907633e-01
  1.08283956e-01  3.90095540e-03  4.29808589e-01
  1.09283322e-01  3.83087044e-03  4.33639459e-01
  1.10282689e-01  3.94194849e-03  4.37581408e-01
  1.11282056e-01  4.02128996e-03  4.41602698e-01
  1.12281422e-01  3.97104036e-03  4.45573738e-01
  1.13280789e-01  3.96046150e-03  4.49534199e-01
  1.14280155e-01  4.10195378e-03  4.53636153e-01
  1.15279522e-01  4.01600053e-03  4.57652154e-01
  1.16278889e-01  3.94194849e-03  4.61594102e-01
  1.17278255e-01  4.17997289e-03  4.65774075e-01
  1.18277622e-01  4.13765744e-03  4.69911733e-01
  1.19276989e-01  4.05170419e-03  4.73963437e-01
  1.20276355e-01  4.02922411e-03  4.77992661e-01
  1.21275722e-01  4.11253265e-03  4.82105194e-01
  1.22275088e-01  4.16674931e-03  4.86271943e-01
  1.23274455e-01  4.26460379e-03  4.90536547e-01
  1.24273822e-01  4.05831598e-03  4.94594863e-01
  1.25273188e-01  4.10856557e-03  4.98703428e-01
  1.26272555e-01  4.07947370e-03  5.02782902e-01
  1.27271922e-01  4.15617045e-03  5.06939072e-01
  1.28271288e-01  4.09534199e-03  5.11034414e-01
  1.29270655e-01  4.16145988e-03  5.15195874e-01
  1.30270021e-01  4.25666964e-03  5.19452544e-01
  1.31269388e-01  4.15749281e-03  5.23610037e-01
  1.32268755e-01  4.14955866e-03  5.27759595e-01
  1.33268121e-01  4.22493306e-03  5.31984528e-01
  1.34267488e-01  4.32014281e-03  5.36304671e-01
  1.35266855e-01  4.25402493e-03  5.40558696e-01
  1.36266221e-01  4.24344606e-03  5.44802142e-01
  1.37265588e-01  4.30295216e-03  5.49105094e-01
  1.38264954e-01  4.27914972e-03  5.53384244e-01
  1.39264321e-01  4.28708387e-03  5.57671328e-01
  1.40263688e-01  4.28311680e-03  5.61954445e-01
  1.41263054e-01  4.37039241e-03  5.66324837e-01
  1.42262421e-01  4.15881517e-03  5.70483652e-01
  1.43261788e-01  4.23418956e-03  5.74717842e-01
  1.44261154e-01  4.16807167e-03  5.78885914e-01
  1.45260521e-01  4.30030745e-03  5.83186221e-01
  1.46259887e-01  4.30956395e-03  5.87495785e-01
  1.47259254e-01  4.30030745e-03  5.91796092e-01
  1.48258621e-01  4.49469404e-03  5.96290786e-01
  1.49257987e-01  4.29237330e-03  6.00583160e-01
  1.50257354e-01  4.39419485e-03  6.04977355e-01
  1.51256720e-01  4.42196436e-03  6.09399319e-01
  1.52256087e-01  4.28311680e-03  6.13682436e-01
  1.53255454e-01  4.30691924e-03  6.17989355e-01
  1.54254820e-01  4.43122087e-03  6.22420576e-01
  1.55254187e-01  4.30956395e-03  6.26730140e-01
  1.56253554e-01  4.31220867e-03  6.31042349e-01
  1.57252920e-01  4.24080135e-03  6.35283150e-01
  1.58252287e-01  4.34394525e-03  6.39627095e-01
  1.59251653e-01  4.29634037e-03  6.43923435e-01
  1.60251020e-01  4.41667493e-03  6.48340110e-01
  1.61250387e-01  4.41006314e-03  6.52750174e-01
  1.62249753e-01  4.34791233e-03  6.57098086e-01
  1.63249120e-01  4.44047737e-03  6.61538563e-01
  1.64248487e-01  4.42593144e-03  6.65964495e-01
  1.65247853e-01  4.32675460e-03  6.70291249e-01
  1.66247220e-01  4.29898509e-03  6.74590234e-01
  1.67246586e-01  4.19716354e-03  6.78787398e-01
  1.68245953e-01  4.46295745e-03  6.83250355e-01
  1.69245320e-01  4.19319647e-03  6.87443552e-01
  1.70244686e-01  4.20509769e-03  6.91648650e-01
  1.71244053e-01  4.29634037e-03  6.95944990e-01
  1.72243420e-01  4.17468346e-03  7.00119673e-01
  1.73242786e-01  4.19716354e-03  7.04316837e-01
  1.74242153e-01  4.14030216e-03  7.08457139e-01
  1.75241519e-01  4.23022249e-03  7.12687362e-01
  1.76240886e-01  4.24873550e-03  7.16936097e-01
  1.77240253e-01  4.19319647e-03  7.21129294e-01
  1.78239619e-01  4.27518265e-03  7.25404476e-01
  1.79238986e-01  4.12972330e-03  7.29534199e-01
  1.80238353e-01  4.11782208e-03  7.33652022e-01
  1.81237719e-01  4.19055175e-03  7.37842573e-01
  1.82237086e-01  4.13369037e-03  7.41976264e-01
  1.83236452e-01  4.07153956e-03  7.46047803e-01
  1.84235819e-01  3.95252736e-03  7.50000331e-01
  1.85235186e-01  4.13104565e-03  7.54131376e-01
  1.86234552e-01  4.13633509e-03  7.58267711e-01
  1.87233919e-01  4.04905947e-03  7.62316771e-01
  1.88233286e-01  3.88508711e-03  7.66201858e-01
  1.89232652e-01  4.07286191e-03  7.70274720e-01
  1.90232019e-01  3.81764686e-03  7.74092367e-01
  1.91231385e-01  3.89831069e-03  7.77990677e-01
  1.92230752e-01  3.94062614e-03  7.81931304e-01
  1.93230119e-01  3.79648914e-03  7.85727793e-01
  1.94229485e-01  3.72772654e-03  7.89455519e-01
  1.95228852e-01  3.81632451e-03  7.93271844e-01
  1.96228219e-01  3.78458792e-03  7.97056432e-01
  1.97227585e-01  3.79913386e-03  8.00855565e-01
  1.98226952e-01  3.78723264e-03  8.04642798e-01
  1.99226318e-01  3.71185824e-03  8.08354656e-01
  2.00225685e-01  3.59681312e-03  8.11951469e-01
  2.01225052e-01  3.59549076e-03  8.15546960e-01
  2.02224418e-01  3.71979239e-03  8.19266753e-01
  2.03223785e-01  3.48970214e-03  8.22756455e-01
  2.04223152e-01  3.61797084e-03  8.26374426e-01
  2.05222518e-01  3.41697246e-03  8.29791398e-01
  2.06221885e-01  3.41829482e-03  8.33209693e-01
  2.07221251e-01  3.57301068e-03  8.36782704e-01
  2.08220618e-01  3.39052531e-03  8.40173229e-01
  2.09219985e-01  3.53333995e-03  8.43706569e-01
  2.10219351e-01  3.39713710e-03  8.47103706e-01
  2.11218718e-01  3.36143344e-03  8.50465139e-01
  2.12218085e-01  3.18952693e-03  8.53654666e-01
  2.13217451e-01  3.25167774e-03  8.56906344e-01
  2.14216818e-01  3.26490132e-03  8.60171245e-01
  2.15216184e-01  3.04803465e-03  8.63219280e-01
  2.16215551e-01  3.10886310e-03  8.66328143e-01
  2.17214918e-01  3.23845416e-03  8.69566597e-01
  2.18214284e-01  3.12473140e-03  8.72691329e-01
  2.19213651e-01  3.05861351e-03  8.75749942e-01
  2.20213018e-01  2.99514034e-03  8.78745082e-01
  2.21212384e-01  2.96340375e-03  8.81708486e-01
  2.22211751e-01  2.90257529e-03  8.84611062e-01
  2.23211117e-01  2.87216106e-03  8.87483223e-01
  2.24210484e-01  2.84439155e-03  8.90327614e-01
  2.25209851e-01  2.74257000e-03  8.93070184e-01
  2.26209217e-01  2.83910212e-03  8.95909286e-01
  2.27208584e-01  2.70422163e-03  8.98613508e-01
  2.28207951e-01  2.64868260e-03  9.01262190e-01
  2.29207317e-01  2.54289398e-03  9.03805084e-01
  2.30206684e-01  2.53495983e-03  9.06340044e-01
  2.31206050e-01  2.55082813e-03  9.08890872e-01
  2.32205417e-01  2.44107243e-03  9.11331945e-01
  2.33204784e-01  2.49528910e-03  9.13827234e-01
  2.34204150e-01  2.40801349e-03  9.16235247e-01
  2.35203517e-01  2.33131674e-03  9.18566564e-01
  2.36202884e-01  2.39611227e-03  9.20962676e-01
  2.37202250e-01  2.20304803e-03  9.23165724e-01
  2.38201617e-01  2.16734438e-03  9.25333069e-01
  2.39200983e-01  2.16337730e-03  9.27496446e-01
  2.40200350e-01  2.09725941e-03  9.29593706e-01
  2.41199717e-01  2.10783828e-03  9.31701544e-01
  2.42199083e-01  2.07477933e-03  9.33776323e-01
  2.43198450e-01  1.97824721e-03  9.35754570e-01
  2.44197816e-01  1.90683990e-03  9.37661410e-01
  2.45197183e-01  1.94254356e-03  9.39603954e-01
  2.46196550e-01  1.94651063e-03  9.41550464e-01
  2.47195916e-01  1.90022811e-03  9.43450693e-01
  2.48195283e-01  1.80766306e-03  9.45258356e-01
  2.49194650e-01  1.81691957e-03  9.47075275e-01
  2.50194016e-01  1.72699924e-03  9.48802274e-01
  2.51193383e-01  1.73096631e-03  9.50533241e-01
  2.52192749e-01  1.62253298e-03  9.52155774e-01
  2.53192116e-01  1.53922444e-03  9.53694998e-01
  2.54191483e-01  1.48500777e-03  9.55180006e-01
  2.55190849e-01  1.60930940e-03  9.56789315e-01
  2.56190216e-01  1.45988297e-03  9.58249198e-01
  2.57189583e-01  1.50087606e-03  9.59750074e-01
  2.58188949e-01  1.39773216e-03  9.61147807e-01
  2.59188316e-01  1.39112037e-03  9.62538927e-01
  2.60187682e-01  1.38583094e-03  9.63924758e-01
  2.61187049e-01  1.31045654e-03  9.65235214e-01
  2.62186416e-01  1.15309597e-03  9.66388310e-01
  2.63185782e-01  1.19805613e-03  9.67586366e-01
  2.64185149e-01  1.17293134e-03  9.68759298e-01
  2.65184516e-01  1.17028662e-03  9.69929584e-01
  2.66183882e-01  1.08962280e-03  9.71019207e-01
  2.67183249e-01  1.14780654e-03  9.72167014e-01
  2.68182615e-01  1.03276141e-03  9.73199775e-01
  2.69181982e-01  1.01953784e-03  9.74219313e-01
  2.70181349e-01  9.86478892e-04  9.75205792e-01
  2.71180715e-01  1.01689312e-03  9.76222685e-01
  2.72180082e-01  8.92591491e-04  9.77115277e-01
  2.73179449e-01  8.70111409e-04  9.77985388e-01
  2.74178815e-01  8.47631327e-04  9.78833019e-01
  2.75178182e-01  8.03993520e-04  9.79637013e-01
  2.76177548e-01  7.98704089e-04  9.80435717e-01
  2.77176915e-01  8.09282952e-04  9.81245000e-01
  2.78176282e-01  7.10106119e-04  9.81955106e-01
  2.79175648e-01  7.68289861e-04  9.82723396e-01
  2.80175015e-01  6.99527257e-04  9.83422923e-01
  2.81174382e-01  7.14073193e-04  9.84136996e-01
  2.82173748e-01  6.77047175e-04  9.84814043e-01
  2.83173115e-01  5.99028067e-04  9.85413072e-01
  2.84172481e-01  6.00350425e-04  9.86013422e-01
  2.85171848e-01  6.34731727e-04  9.86648154e-01
  2.86171215e-01  5.89771563e-04  9.87237925e-01
  2.87170581e-01  5.59357334e-04  9.87797283e-01
  2.88169948e-01  5.31587821e-04  9.88328870e-01
  2.89169315e-01  5.11752455e-04  9.88840623e-01
  2.90168681e-01  5.28943106e-04  9.89369566e-01
  2.91168048e-01  4.78693511e-04  9.89848259e-01
  2.92167414e-01  4.39022778e-04  9.90287282e-01
  2.93166781e-01  4.57535786e-04  9.90744818e-01
  2.94166148e-01  4.56213429e-04  9.91201031e-01
  2.95165514e-01  3.79516678e-04  9.91580548e-01
  2.96164881e-01  3.67615458e-04  9.91948164e-01
  2.97164248e-01  3.86128467e-04  9.92334292e-01
  2.98163614e-01  3.34556514e-04  9.92668849e-01
  2.99162981e-01  3.46457734e-04  9.93015306e-01
  3.00162347e-01  3.50424807e-04  9.93365731e-01
  3.01161714e-01  3.08109359e-04  9.93673840e-01
  3.02161081e-01  2.73728057e-04  9.93947569e-01
  3.03160447e-01  3.20010579e-04  9.94267579e-01
  3.04159814e-01  2.88273993e-04  9.94555853e-01
  3.05159181e-01  2.65793911e-04  9.94821647e-01
  3.06158547e-01  2.61826837e-04  9.95083474e-01
  3.07157914e-01  2.40669113e-04  9.95324143e-01
  3.08157280e-01  2.31412609e-04  9.95555556e-01
  3.09156647e-01  2.48603260e-04  9.95804159e-01
  3.10156014e-01  2.19511389e-04  9.96023670e-01
  3.11155380e-01  2.24800820e-04  9.96248471e-01
  3.12154747e-01  2.03643096e-04  9.96452114e-01
  3.13154114e-01  1.91741876e-04  9.96643856e-01
  3.14153480e-01  1.81163014e-04  9.96825019e-01
  3.15152847e-01  1.81163014e-04  9.97006182e-01
  3.16152213e-01  1.91741876e-04  9.97197924e-01
  3.17151580e-01  1.50748785e-04  9.97348673e-01
  3.18150947e-01  1.44136996e-04  9.97492810e-01
  3.19150313e-01  1.62650005e-04  9.97655460e-01
  3.20149680e-01  1.40169923e-04  9.97795630e-01
  3.21149047e-01  8.99203279e-05  9.97885550e-01
  3.22148413e-01  1.13722768e-04  9.97999273e-01
  3.23147780e-01  9.52097590e-05  9.98094482e-01
  3.24147146e-01  1.00499190e-04  9.98194982e-01
  3.25146513e-01  1.08433337e-04  9.98303415e-01
  3.26145880e-01  1.03143906e-04  9.98406559e-01
  3.27145246e-01  9.52097590e-05  9.98501769e-01
  3.28144613e-01  8.33085391e-05  9.98585077e-01
  3.29143979e-01  6.74402460e-05  9.98652517e-01
  3.30143346e-01  5.42166683e-05  9.98706734e-01
  3.31142713e-01  5.28943106e-05  9.98759628e-01
  3.32142079e-01  7.66967503e-05  9.98836325e-01
  3.33141446e-01  8.72756124e-05  9.98923601e-01
  3.34140813e-01  5.81837416e-05  9.98981785e-01
  3.35140179e-01  6.34731727e-05  9.99045258e-01
  3.36139546e-01  5.15719528e-05  9.99096830e-01
  3.37138912e-01  6.08284571e-05  9.99157658e-01
  3.38138279e-01  4.36378062e-05  9.99201296e-01
  3.39137646e-01  5.02495950e-05  9.99251546e-01
  3.40137012e-01  4.23154484e-05  9.99293861e-01
  3.41136379e-01  3.30589441e-05  9.99326920e-01
  3.42135746e-01  4.49601640e-05  9.99371880e-01
  3.43135112e-01  2.90918708e-05  9.99400972e-01
  3.44134479e-01  4.23154484e-05  9.99443287e-01
  3.45133845e-01  3.17365863e-05  9.99475024e-01
  3.46133212e-01  2.77695130e-05  9.99502793e-01
  3.47132579e-01  3.43813019e-05  9.99537175e-01
  3.48131945e-01  2.38024398e-05  9.99560977e-01
  3.49131312e-01  2.38024398e-05  9.99584780e-01
  3.50130679e-01  3.17365863e-05  9.99616516e-01
  3.51130045e-01  3.30589441e-05  9.99649575e-01
  3.52129412e-01  1.71906509e-05  9.99666766e-01
  3.53128778e-01  2.11577242e-05  9.99687924e-01
  3.54128145e-01  2.51247975e-05  9.99713048e-01
  3.55127512e-01  1.85130087e-05  9.99731561e-01
  3.56126878e-01  9.25650435e-06  9.99740818e-01
  3.57126245e-01  1.58682932e-05  9.99756686e-01
  3.58125612e-01  1.32235776e-05  9.99769910e-01
  3.59124978e-01  1.45459354e-05  9.99784456e-01
  3.60124345e-01  1.45459354e-05  9.99799002e-01
  3.61123711e-01  1.19012199e-05  9.99810903e-01
  3.62123078e-01  9.25650435e-06  9.99820159e-01
  3.63122445e-01  1.19012199e-05  9.99832061e-01
  3.64121811e-01  1.19012199e-05  9.99843962e-01
  3.65121178e-01  5.28943106e-06  9.99849251e-01
  3.66120545e-01  7.93414658e-06  9.99857185e-01
  3.67119911e-01  9.25650435e-06  9.99866442e-01
  3.68119278e-01  5.28943106e-06  9.99871731e-01
  3.69118644e-01  3.96707329e-06  9.99875698e-01
  3.70118011e-01  7.93414658e-06  9.99883633e-01
  3.71117378e-01  3.96707329e-06  9.99887600e-01
  3.72116744e-01  2.64471553e-06  9.99890244e-01
  3.73116111e-01  9.25650435e-06  9.99899501e-01
  3.74115478e-01  6.61178882e-06  9.99906113e-01
  3.75114844e-01  6.61178882e-06  9.99912724e-01
  3.76114211e-01  6.61178882e-06  9.99919336e-01
  3.77113577e-01  6.61178882e-06  9.99925948e-01
  3.78112944e-01  6.61178882e-06  9.99932560e-01
  3.79112311e-01  3.96707329e-06  9.99936527e-01
  3.80111677e-01  5.28943106e-06  9.99941816e-01
  3.81111044e-01  9.25650435e-06  9.99951073e-01
  3.82110411e-01  3.96707329e-06  9.99955040e-01
  3.83109777e-01  5.28943106e-06  9.99960329e-01
  3.84109144e-01  2.64471553e-06  9.99962974e-01
  3.85108510e-01  1.32235776e-06  9.99964296e-01
  3.86107877e-01  2.64471553e-06  9.99966941e-01
  3.87107244e-01  1.32235776e-06  9.99968263e-01
  3.88106610e-01  1.32235776e-06  9.99969586e-01
  3.89105977e-01  3.96707329e-06  9.99973553e-01
  3.90105344e-01  1.32235776e-06  9.99974875e-01
  3.91104710e-01  1.32235776e-06  9.99976198e-01
  3.92104077e-01  2.64471553e-06  9.99978842e-01
  3.93103443e-01  2.64471553e-06  9.99981487e-01
  3.94102810e-01  2.64471553e-06  9.99984132e-01
  3.95102177e-01  2.64471553e-06  9.99986776e-01
  3.96101543e-01  0.00000000e+00  9.99986776e-01
  3.97100910e-01  1.32235776e-06  9.99988099e-01
  3.98100277e-01  1.32235776e-06  9.99989421e-01
  3.99099643e-01  3.96707329e-06  9.99993388e-01
  4.00099010e-01  0.00000000e+00  9.99993388e-01
  4.01098376e-01  0.00000000e+00  9.99993388e-01
  4.02097743e-01  0.00000000e+00  9.99993388e-01
  4.03097110e-01  2.64471553e-06  9.99996033e-01
  4.04096476e-01  0.00000000e+00  9.99996033e-01
  4.05095843e-01  1.32235776e-06  9.99997355e-01
  4.06095210e-01  0.00000000e+00  9.99997355e-01
  4.07094576e-01  0.00000000e+00  9.99997355e-01
  4.08093943e-01  2.64471553e-06  1.00000000e+00
  4.09093309e-01  0.00000000e+00  1.00000000e+00
  4.10092676e-01  0.00000000e+00  1.00000000e+00
  4.11092043e-01  0.00000000e+00  1.00000000e+00
  4.12091409e-01  0.00000000e+00  1.00000000e+00
  4.13090776e-01  0.00000000e+00  1.00000000e+00
  4.14090142e-01  0.00000000e+00  1.00000000e+00
  4.15089509e-01  0.00000000e+00  1.00000000e+00
  4.16088876e-01  0.00000000e+00  1.00000000e+00
  4.17088242e-01  0.00000000e+00  1.00000000e+00
  4.18087609e-01  0.00000000e+00  1.00000000e+00
  4.19086976e-01  0.00000000e+00  1.00000000e+00
  4.20086342e-01  0.00000000e+00  1.00000000e+00
  4.21085709e-01  0.00000000e+00  1.00000000e+00
  4.22085075e-01  0.00000000e+00  1.00000000e+00
  4.23084442e-01  0.00000000e+00  1.00000000e+00
  4.24083809e-01  0.00000000e+00  1.00000000e+00
  4.25083175e-01  0.00000000e+00  1.00000000e+00
  4.26082542e-01  0.00000000e+00  1.00000000e+00
  4.27081909e-01  0.00000000e+00  1.00000000e+00
  4.28081275e-01  0.00000000e+00  1.00000000e+00
  4.29080642e-01  0.00000000e+00  1.00000000e+00
  4.30080008e-01  0.00000000e+00  1.00000000e+00
  4.31079375e-01  0.00000000e+00  1.00000000e+00
  4.32078742e-01  0.00000000e+00  1.00000000e+00
  4.33078108e-01  0.00000000e+00  1.00000000e+00
  4.34077475e-01  0.00000000e+00  1.00000000e+00
  4.35076842e-01  0.00000000e+00  1.00000000e+00
  4.36076208e-01  0.00000000e+00  1.00000000e+00
  4.37075575e-01  0.00000000e+00  1.00000000e+00
  4.38074941e-01  0.00000000e+00  1.00000000e+00
  4.39074308e-01  0.00000000e+00  1.00000000e+00
  4.40073675e-01  0.00000000e+00  1.00000000e+00
  4.41073041e-01  0.00000000e+00  1.00000000e+00
  4.42072408e-01  0.00000000e+00  1.00000000e+00
  4.43071775e-01  0.00000000e+00  1.00000000e+00
  4.44071141e-01  0.00000000e+00  1.00000000e+00
  4.45070508e-01  0.00000000e+00  1.00000000e+00
  4.46069874e-01  0.00000000e+00  1.00000000e+00
  4.47069241e-01  0.00000000e+00  1.00000000e+00
  4.48068608e-01  0.00000000e+00  1.00000000e+00
  4.49067974e-01  0.00000000e+00  1.00000000e+00
  4.50067341e-01  0.00000000e+00  1.00000000e+00
  4.51066708e-01  0.00000000e+00  1.00000000e+00
  4.52066074e-01  0.00000000e+00  1.00000000e+00
  4.53065441e-01  0.00000000e+00  1.00000000e+00
  4.54064807e-01  0.00000000e+00  1.00000000e+00
  4.55064174e-01  0.00000000e+00  1.00000000e+00
  4.56063541e-01  0.00000000e+00  1.00000000e+00
  4.57062907e-01  0.00000000e+00  1.00000000e+00
  4.58062274e-01  0.00000000e+00  1.00000000e+00
  4.59061641e-01  0.00000000e+00  1.00000000e+00
  4.60061007e-01  0.00000000e+00  1.00000000e+00
  4.61060374e-01  0.00000000e+00  1.00000000e+00
  4.62059740e-01  0.00000000e+00  1.00000000e+00
  4.63059107e-01  0.00000000e+00  1.00000000e+00
  4.64058474e-01  0.00000000e+00  1.00000000e+00
  4.65057840e-01  0.00000000e+00  1.00000000e+00
  4.66057207e-01  0.00000000e+00  1.00000000e+00
  4.67056574e-01  0.00000000e+00  1.00000000e+00
  4.68055940e-01  0.00000000e+00  1.00000000e+00
  4.69055307e-01  0.00000000e+00  1.00000000e+00
  4.70054673e-01  0.00000000e+00  1.00000000e+00
  4.71054040e-01  0.00000000e+00  1.00000000e+00
  4.72053407e-01  0.00000000e+00  1.00000000e+00
  4.73052773e-01  0.00000000e+00  1.00000000e+00
  4.74052140e-01  0.00000000e+00  1.00000000e+00
  4.75051507e-01  0.00000000e+00  1.00000000e+00
  4.76050873e-01  0.00000000e+00  1.00000000e+00
  4.77050240e-01  0.00000000e+00  1.00000000e+00
  4.78049606e-01  0.00000000e+00  1.00000000e+00
  4.79048973e-01  0.00000000e+00  1.00000000e+00
  4.80048340e-01  0.00000000e+00  1.00000000e+00
  4.81047706e-01  0.00000000e+00  1.00000000e+00
  4.82047073e-01  0.00000000e+00  1.00000000e+00
  4.83046440e-01  0.00000000e+00  1.00000000e+00
  4.84045806e-01  0.00000000e+00  1.00000000e+00
  4.85045173e-01  0.00000000e+00  1.00000000e+00
  4.86044539e-01  0.00000000e+00  1.00000000e+00
  4.87043906e-01  0.00000000e+00  1.00000000e+00
  4.88043273e-01  0.00000000e+00  1.00000000e+00
  4.89042639e-01  0.00000000e+00  1.00000000e+00
  4.90042006e-01  0.00000000e+00  1.00000000e+00
  4.91041373e-01  0.00000000e+00  1.00000000e+00
  4.92040739e-01  0.00000000e+00  1.00000000e+00
  4.93040106e-01  0.00000000e+00  1.00000000e+00
  4.94039472e-01  0.00000000e+00  1.00000000e+00
  4.95038839e-01  0.00000000e+00  1.00000000e+00
  4.96038206e-01  0.00000000e+00  1.00000000e+00
  4.97037572e-01  0.00000000e+00  1.00000000e+00
  4.98036939e-01  0.00000000e+00  1.00000000e+00
  4.99036306e-01  0.00000000e+00  1.00000000e+00
  5.00035672e-01  0.00000000e+00  1.00000000e+00
  5.01035039e-01  0.00000000e+00  1.00000000e+00
  5.02034405e-01  0.00000000e+00  1.00000000e+00
  5.03033772e-01  0.00000000e+00  1.00000000e+00
  5.04033139e-01  0.00000000e+00  1.00000000e+00
  5.05032505e-01  0.00000000e+00  1.00000000e+00
  5.06031872e-01  0.00000000e+00  1.00000000e+00
  5.07031238e-01  0.00000000e+00  1.00000000e+00
  5.08030605e-01  0.00000000e+00  1.00000000e+00
  5.09029972e-01  0.00000000e+00  1.00000000e+00
  5.10029338e-01  0.00000000e+00  1.00000000e+00
  5.11028705e-01  0.00000000e+00  1.00000000e+00
  5.12028072e-01  0.00000000e+00  1.00000000e+00
  5.13027438e-01  0.00000000e+00  1.00000000e+00
  5.14026805e-01  0.00000000e+00  1.00000000e+00
  5.15026171e-01  0.00000000e+00  1.00000000e+00
  5.16025538e-01  0.00000000e+00  1.00000000e+00
  5.17024905e-01  0.00000000e+00  1.00000000e+00
  5.18024271e-01  0.00000000e+00  1.00000000e+00
  5.19023638e-01  0.00000000e+00  1.00000000e+00
  5.20023005e-01  0.00000000e+00  1.00000000e+00
  5.21022371e-01  0.00000000e+00  1.00000000e+00
  5.22021738e-01  0.00000000e+00  1.00000000e+00
  5.23021104e-01  0.00000000e+00  1.00000000e+00
  5.24020471e-01  0.00000000e+00  1.00000000e+00
  5.25019838e-01  0.00000000e+00  1.00000000e+00
  5.26019204e-01  0.00000000e+00  1.00000000e+00
  5.27018571e-01  0.00000000e+00  1.00000000e+00
  5.28017938e-01  0.00000000e+00  1.00000000e+00
  5.29017304e-01  0.00000000e+00  1.00000000e+00
  5.30016671e-01  0.00000000e+00  1.00000000e+00
  5.31016037e-01  0.00000000e+00  1.00000000e+00
  5.32015404e-01  0.00000000e+00  1.00000000e+00
  5.33014771e-01  0.00000000e+00  1.00000000e+00
  5.34014137e-01  0.00000000e+00  1.00000000e+00
  5.35013504e-01  0.00000000e+00  1.00000000e+00
  5.36012871e-01  0.00000000e+00  1.00000000e+00
  5.37012237e-01  0.00000000e+00  1.00000000e+00
  5.38011604e-01  0.00000000e+00  1.00000000e+00
  5.39010970e-01  0.00000000e+00  1.00000000e+00
  5.40010337e-01  0.00000000e+00  1.00000000e+00
  5.41009704e-01  0.00000000e+00  1.00000000e+00
  5.42009070e-01  0.00000000e+00  1.00000000e+00
  5.43008437e-01  0.00000000e+00  1.00000000e+00
  5.44007804e-01  0.00000000e+00  1.00000000e+00
  5.45007170e-01  0.00000000e+00  1.00000000e+00
  5.46006537e-01  0.00000000e+00  1.00000000e+00
  5.47005903e-01  0.00000000e+00  1.00000000e+00
  5.48005270e-01  0.00000000e+00  1.00000000e+00
  5.49004637e-01  0.00000000e+00  1.00000000e+00
  5.50004003e-01  0.00000000e+00  1.00000000e+00
  5.51003370e-01  0.00000000e+00  1.00000000e+00
  5.52002737e-01  0.00000000e+00  1.00000000e+00
  5.53002103e-01  0.00000000e+00  1.00000000e+00
  5.54001470e-01  0.00000000e+00  1.00000000e+00
  5.55000836e-01  0.00000000e+00  1.00000000e+00
  5.56000203e-01  0.00000000e+00  1.00000000e+00
  5.56999570e-01  0.00000000e+00  1.00000000e+00
  5.57998936e-01  0.00000000e+00  1.00000000e+00
  5.58998303e-01  0.00000000e+00  1.00000000e+00
  5.59997670e-01  0.00000000e+00  1.00000000e+00
  5.60997036e-01  0.00000000e+00  1.00000000e+00
  5.61996403e-01  0.00000000e+00  1.00000000e+00
  5.62995769e-01  0.00000000e+00  1.00000000e+00
  5.63995136e-01  0.00000000e+00  1.00000000e+00
  5.64994503e-01  0.00000000e+00  1.00000000e+00
  5.65993869e-01  0.00000000e+00  1.00000000e+00
  5.66993236e-01  0.00000000e+00  1.00000000e+00
  5.67992603e-01  0.00000000e+00  1.00000000e+00
  5.68991969e-01  0.00000000e+00  1.00000000e+00
  5.69991336e-01  0.00000000e+00  1.00000000e+00
  5.70990702e-01  0.00000000e+00  1.00000000e+00
  5.71990069e-01  0.00000000e+00  1.00000000e+00
  5.72989436e-01  0.00000000e+00  1.00000000e+00
  5.73988802e-01  0.00000000e+00  1.00000000e+00
  5.74988169e-01  0.00000000e+00  1.00000000e+00
  5.75987536e-01  0.00000000e+00  1.00000000e+00
  5.76986902e-01  0.00000000e+00  1.00000000e+00
  5.77986269e-01  0.00000000e+00  1.00000000e+00
  5.78985635e-01  0.00000000e+00  1.00000000e+00
  5.79985002e-01  0.00000000e+00  1.00000000e+00
  5.80984369e-01  0.00000000e+00  1.00000000e+00
  5.81983735e-01  0.00000000e+00  1.00000000e+00
  5.82983102e-01  0.00000000e+00  1.00000000e+00
  5.83982469e-01  0.00000000e+00  1.00000000e+00
  5.84981835e-01  0.00000000e+00  1.00000000e+00
  5.85981202e-01  0.00000000e+00  1.00000000e+00
  5.86980568e-01  0.00000000e+00  1.00000000e+00
  5.87979935e-01  0.00000000e+00  1.00000000e+00
  5.88979302e-01  0.00000000e+00  1.00000000e+00
  5.89978668e-01  0.00000000e+00  1.00000000e+00
  5.90978035e-01  0.00000000e+00  1.00000000e+00
  5.91977401e-01  0.00000000e+00  1.00000000e+00
  5.92976768e-01  0.00000000e+00  1.00000000e+00
  5.93976135e-01  0.00000000e+00  1.00000000e+00
  5.94975501e-01  0.00000000e+00  1.00000000e+00
  5.95974868e-01  0.00000000e+00  1.00000000e+00
  5.96974235e-01  0.00000000e+00  1.00000000e+00
  5.97973601e-01  0.00000000e+00  1.00000000e+00
  5.98972968e-01  0.00000000e+00  1.00000000e+00
  5.99972334e-01  0.00000000e+00  1.00000000e+00
  6.00971701e-01  0.00000000e+00  1.00000000e+00
  6.01971068e-01  0.00000000e+00  1.00000000e+00
  6.02970434e-01  0.00000000e+00  1.00000000e+00
  6.03969801e-01  0.00000000e+00  1.00000000e+00
  6.04969168e-01  0.00000000e+00  1.00000000e+00
  6.05968534e-01  0.00000000e+00  1.00000000e+00
  6.06967901e-01  0.00000000e+00  1.00000000e+00
  6.07967267e-01  0.00000000e+00  1.00000000e+00
  6.08966634e-01  0.00000000e+00  1.00000000e+00
  6.09966001e-01  0.00000000e+00  1.00000000e+00
  6.10965367e-01  0.00000000e+00  1.00000000e+00
  6.11964734e-01  0.00000000e+00  1.00000000e+00
  6.12964101e-01  0.00000000e+00  1.00000000e+00
  6.13963467e-01  0.00000000e+00  1.00000000e+00
  6.14962834e-01  0.00000000e+00  1.00000000e+00
  6.15962200e-01  0.00000000e+00  1.00000000e+00
  6.16961567e-01  0.00000000e+00  1.00000000e+00
  6.17960934e-01  0.00000000e+00  1.00000000e+00
  6.18960300e-01  0.00000000e+00  1.00000000e+00
  6.19959667e-01  0.00000000e+00  1.00000000e+00
  6.20959034e-01  0.00000000e+00  1.00000000e+00
  6.21958400e-01  0.00000000e+00  1.00000000e+00
  6.22957767e-01  0.00000000e+00  1.00000000e+00
  6.23957133e-01  0.00000000e+00  1.00000000e+00
  6.24956500e-01  0.00000000e+00  1.00000000e+00
  6.25955867e-01  0.00000000e+00  1.00000000e+00
  6.26955233e-01  0.00000000e+00  1.00000000e+00
  6.27954600e-01  0.00000000e+00  1.00000000e+00
  6.28953967e-01  0.00000000e+00  1.00000000e+00
  6.29953333e-01  0.00000000e+00  1.00000000e+00
  6.30952700e-01  0.00000000e+00  1.00000000e+00
  6.31952066e-01  0.00000000e+00  1.00000000e+00
  6.32951433e-01  0.00000000e+00  1.00000000e+00
  6.33950800e-01  0.00000000e+00  1.00000000e+00
  6.34950166e-01  0.00000000e+00  1.00000000e+00
  6.35949533e-01  0.00000000e+00  1.00000000e+00
  6.36948900e-01  0.00000000e+00  1.00000000e+00
  6.37948266e-01  0.00000000e+00  1.00000000e+00
  6.38947633e-01  0.00000000e+00  1.00000000e+00
  6.39946999e-01  0.00000000e+00  1.00000000e+00
  6.40946366e-01  0.00000000e+00  1.00000000e+00
  6.41945733e-01  0.00000000e+00  1.00000000e+00
  6.42945099e-01  0.00000000e+00  1.00000000e+00
  6.43944466e-01  0.00000000e+00  1.00000000e+00
  6.44943833e-01  0.00000000e+00  1.00000000e+00
  6.45943199e-01  0.00000000e+00  1.00000000e+00
  6.46942566e-01  0.00000000e+00  1.00000000e+00
  6.47941932e-01  0.00000000e+00  1.00000000e+00
  6.48941299e-01  0.00000000e+00  1.00000000e+00
  6.49940666e-01  0.00000000e+00  1.00000000e+00
  6.50940032e-01  0.00000000e+00  1.00000000e+00
  6.51939399e-01  0.00000000e+00  1.00000000e+00
  6.52938766e-01  0.00000000e+00  1.00000000e+00
  6.53938132e-01  0.00000000e+00  1.00000000e+00
  6.54937499e-01  0.00000000e+00  1.00000000e+00
  6.55936865e-01  0.00000000e+00  1.00000000e+00
  6.56936232e-01  0.00000000e+00  1.00000000e+00
  6.57935599e-01  0.00000000e+00  1.00000000e+00
  6.58934965e-01  0.00000000e+00  1.00000000e+00
  6.59934332e-01  0.00000000e+00  1.00000000e+00
  6.60933699e-01  0.00000000e+00  1.00000000e+00
  6.61933065e-01  0.00000000e+00  1.00000000e+00
  6.62932432e-01  0.00000000e+00  1.00000000e+00
  6.63931798e-01  0.00000000e+00  1.00000000e+00
  6.64931165e-01  0.00000000e+00  1.00000000e+00
  6.65930532e-01  0.00000000e+00  1.00000000e+00
  6.66929898e-01  0.00000000e+00  1.00000000e+00
  6.67929265e-01  0.00000000e+00  1.00000000e+00
  6.68928632e-01  0.00000000e+00  1.00000000e+00
  6.69927998e-01  0.00000000e+00  1.00000000e+00
  6.70927365e-01  0.00000000e+00  1.00000000e+00
  6.71926731e-01  0.00000000e+00  1.00000000e+00
  6.72926098e-01  0.00000000e+00  1.00000000e+00
  6.73925465e-01  0.00000000e+00  1.00000000e+00
  6.74924831e-01  0.00000000e+00  1.00000000e+00
  6.75924198e-01  0.00000000e+00  1.00000000e+00
  6.76923564e-01  0.00000000e+00  1.00000000e+00
  6.77922931e-01  0.00000000e+00  1.00000000e+00
  6.78922298e-01  0.00000000e+00  1.00000000e+00
  6.79921664e-01  0.00000000e+00  1.00000000e+00
  6.80921031e-01  0.00000000e+00  1.00000000e+00
  6.81920398e-01  0.00000000e+00  1.00000000e+00
  6.82919764e-01  0.00000000e+00  1.00000000e+00
  6.83919131e-01  0.00000000e+00  1.00000000e+00
  6.84918497e-01  0.00000000e+00  1.00000000e+00
  6.85917864e-01  0.00000000e+00  1.00000000e+00
  6.86917231e-01  0.00000000e+00  1.00000000e+00
  6.87916597e-01  0.00000000e+00  1.00000000e+00
  6.88915964e-01  0.00000000e+00  1.00000000e+00
  6.89915331e-01  0.00000000e+00  1.00000000e+00
  6.90914697e-01  0.00000000e+00  1.00000000e+00
  6.91914064e-01  0.00000000e+00  1.00000000e+00
  6.92913430e-01  0.00000000e+00  1.00000000e+00
  6.93912797e-01  0.00000000e+00  1.00000000e+00
  6.94912164e-01  0.00000000e+00  1.00000000e+00
  6.95911530e-01  0.00000000e+00  1.00000000e+00
  6.96910897e-01  0.00000000e+00  1.00000000e+00
  6.97910264e-01  0.00000000e+00  1.00000000e+00
  6.98909630e-01  0.00000000e+00  1.00000000e+00
  6.99908997e-01  0.00000000e+00  1.00000000e+00
  7.00908363e-01  0.00000000e+00  1.00000000e+00
  7.01907730e-01  0.00000000e+00  1.00000000e+00
  7.02907097e-01  0.00000000e+00  1.00000000e+00
  7.03906463e-01  0.00000000e+00  1.00000000e+00
  7.04905830e-01  0.00000000e+00  1.00000000e+00
  7.05905197e-01  0.00000000e+00  1.00000000e+00
  7.06904563e-01  0.00000000e+00  1.00000000e+00
  7.07903930e-01  0.00000000e+00  1.00000000e+00
  7.08903296e-01  0.00000000e+00  1.00000000e+00
  7.09902663e-01  0.00000000e+00  1.00000000e+00
  7.10902030e-01  0.00000000e+00  1.00000000e+00
  7.11901396e-01  0.00000000e+00  1.00000000e+00
  7.12900763e-01  0.00000000e+00  1.00000000e+00
  7.13900130e-01  0.00000000e+00  1.00000000e+00
  7.14899496e-01  0.00000000e+00  1.00000000e+00
  7.15898863e-01  0.00000000e+00  1.00000000e+00
  7.16898229e-01  0.00000000e+00  1.00000000e+00
  7.17897596e-01  0.00000000e+00  1.00000000e+00
  7.18896963e-01  0.00000000e+00  1.00000000e+00
  7.19896329e-01  0.00000000e+00  1.00000000e+00
  7.20895696e-01  0.00000000e+00  1.00000000e+00
  7.21895063e-01  0.00000000e+00  1.00000000e+00
  7.22894429e-01  0.00000000e+00  1.00000000e+00
  7.23893796e-01  0.00000000e+00  1.00000000e+00
  7.24893162e-01  0.00000000e+00  1.00000000e+00
  7.25892529e-01  0.00000000e+00  1.00000000e+00
  7.26891896e-01  0.00000000e+00  1.00000000e+00
  7.27891262e-01  0.00000000e+00  1.00000000e+00
  7.28890629e-01  0.00000000e+00  1.00000000e+00
  7.29889996e-01  0.00000000e+00  1.00000000e+00
  7.30889362e-01  0.00000000e+00  1.00000000e+00
  7.31888729e-01  0.00000000e+00  1.00000000e+00
  7.32888095e-01  0.00000000e+00  1.00000000e+00
  7.33887462e-01  0.00000000e+00  1.00000000e+00
  7.34886829e-01  0.00000000e+00  1.00000000e+00
  7.35886195e-01  0.00000000e+00  1.00000000e+00
  7.36885562e-01  0.00000000e+00  1.00000000e+00
  7.37884929e-01  0.00000000e+00  1.00000000e+00
  7.38884295e-01  0.00000000e+00  1.00000000e+00
  7.39883662e-01  0.00000000e+00  1.00000000e+00
  7.40883028e-01  0.00000000e+00  1.00000000e+00
  7.41882395e-01  0.00000000e+00  1.00000000e+00
  7.42881762e-01  0.00000000e+00  1.00000000e+00
  7.43881128e-01  0.00000000e+00  1.00000000e+00
  7.44880495e-01  0.00000000e+00  1.00000000e+00
  7.45879862e-01  0.00000000e+00  1.00000000e+00
  7.46879228e-01  0.00000000e+00  1.00000000e+00
  7.47878595e-01  0.00000000e+00  1.00000000e+00
  7.48877961e-01  0.00000000e+00  1.00000000e+00
  7.49877328e-01  0.00000000e+00  1.00000000e+00
  7.50876695e-01  0.00000000e+00  1.00000000e+00
  7.51876061e-01  0.00000000e+00  1.00000000e+00
  7.52875428e-01  0.00000000e+00  1.00000000e+00
  7.53874795e-01  0.00000000e+00  1.00000000e+00
  7.54874161e-01  0.00000000e+00  1.00000000e+00
  7.55873528e-01  0.00000000e+00  1.00000000e+00
  7.56872894e-01  0.00000000e+00  1.00000000e+00
  7.57872261e-01  0.00000000e+00  1.00000000e+00
  7.58871628e-01  0.00000000e+00  1.00000000e+00
  7.59870994e-01  0.00000000e+00  1.00000000e+00
  7.60870361e-01  0.00000000e+00  1.00000000e+00
  7.61869728e-01  0.00000000e+00  1.00000000e+00
  7.62869094e-01  0.00000000e+00  1.00000000e+00
  7.63868461e-01  0.00000000e+00  1.00000000e+00
  7.64867827e-01  0.00000000e+00  1.00000000e+00
  7.65867194e-01  0.00000000e+00  1.00000000e+00
  7.66866561e-01  0.00000000e+00  1.00000000e+00
  7.67865927e-01  0.00000000e+00  1.00000000e+00
  7.68865294e-01  0.00000000e+00  1.00000000e+00
  7.69864660e-01  0.00000000e+00  1.00000000e+00
  7.70864027e-01  0.00000000e+00  1.00000000e+00
  7.71863394e-01  0.00000000e+00  1.00000000e+00
  7.72862760e-01  0.00000000e+00  1.00000000e+00
  7.73862127e-01  0.00000000e+00  1.00000000e+00
  7.74861494e-01  0.00000000e+00  1.00000000e+00
  7.75860860e-01  0.00000000e+00  1.00000000e+00
  7.76860227e-01  0.00000000e+00  1.00000000e+00
  7.77859593e-01  0.00000000e+00  1.00000000e+00
  7.78858960e-01  0.00000000e+00  1.00000000e+00
  7.79858327e-01  0.00000000e+00  1.00000000e+00
  7.80857693e-01  0.00000000e+00  1.00000000e+00
  7.81857060e-01  0.00000000e+00  1.00000000e+00
  7.82856427e-01  0.00000000e+00  1.00000000e+00
  7.83855793e-01  0.00000000e+00  1.00000000e+00
  7.84855160e-01  0.00000000e+00  1.00000000e+00
  7.85854526e-01  0.00000000e+00  1.00000000e+00
  7.86853893e-01  0.00000000e+00  1.00000000e+00
  7.87853260e-01  0.00000000e+00  1.00000000e+00
  7.88852626e-01  0.00000000e+00  1.00000000e+00
  7.89851993e-01  0.00000000e+00  1.00000000e+00
  7.90851360e-01  0.00000000e+00  1.00000000e+00
  7.91850726e-01  0.00000000e+00  1.00000000e+00
  7.92850093e-01  0.00000000e+00  1.00000000e+00
  7.93849459e-01  0.00000000e+00  1.00000000e+00
  7.94848826e-01  0.00000000e+00  1.00000000e+00
  7.95848193e-01  0.00000000e+00  1.00000000e+00
  7.96847559e-01  0.00000000e+00  1.00000000e+00
  7.97846926e-01  0.00000000e+00  1.00000000e+00
  7.98846293e-01  0.00000000e+00  1.00000000e+00
  7.99845659e-01  0.00000000e+00  1.00000000e+00
  8.00845026e-01  0.00000000e+00  1.00000000e+00
  8.01844392e-01  0.00000000e+00  1.00000000e+00
  8.02843759e-01  0.00000000e+00  1.00000000e+00
  8.03843126e-01  0.00000000e+00  1.00000000e+00
  8.04842492e-01  0.00000000e+00  1.00000000e+00
  8.05841859e-01  0.00000000e+00  1.00000000e+00
  8.06841226e-01  0.00000000e+00  1.00000000e+00
  8.07840592e-01  0.00000000e+00  1.00000000e+00
  8.08839959e-01  0.00000000e+00  1.00000000e+00
  8.09839325e-01  0.00000000e+00  1.00000000e+00
  8.10838692e-01  0.00000000e+00  1.00000000e+00
  8.11838059e-01  0.00000000e+00  1.00000000e+00
  8.12837425e-01  0.00000000e+00  1.00000000e+00
  8.13836792e-01  0.00000000e+00  1.00000000e+00
  8.14836159e-01  0.00000000e+00  1.00000000e+00
  8.15835525e-01  0.00000000e+00  1.00000000e+00
  8.16834892e-01  0.00000000e+00  1.00000000e+00
  8.17834258e-01  0.00000000e+00  1.00000000e+00
  8.18833625e-01  0.00000000e+00  1.00000000e+00
  8.19832992e-01  0.00000000e+00  1.00000000e+00
  8.20832358e-01  0.00000000e+00  1.00000000e+00
  8.21831725e-01  0.00000000e+00  1.00000000e+00
  8.22831092e-01  0.00000000e+00  1.00000000e+00
  8.23830458e-01  0.00000000e+00  1.00000000e+00
  8.24829825e-01  0.00000000e+00  1.00000000e+00
  8.25829191e-01  0.00000000e+00  1.00000000e+00
  8.26828558e-01  0.00000000e+00  1.00000000e+00
  8.27827925e-01  0.00000000e+00  1.00000000e+00
  8.28827291e-01  0.00000000e+00  1.00000000e+00
  8.29826658e-01  0.00000000e+00  1.00000000e+00
  8.30826025e-01  0.00000000e+00  1.00000000e+00
  8.31825391e-01  0.00000000e+00  1.00000000e+00
  8.32824758e-01  0.00000000e+00  1.00000000e+00
  8.33824124e-01  0.00000000e+00  1.00000000e+00
  8.34823491e-01  0.00000000e+00  1.00000000e+00
  8.35822858e-01  0.00000000e+00  1.00000000e+00
  8.36822224e-01  0.00000000e+00  1.00000000e+00
  8.37821591e-01  0.00000000e+00  1.00000000e+00
  8.38820958e-01  0.00000000e+00  1.00000000e+00
  8.39820324e-01  0.00000000e+00  1.00000000e+00
  8.40819691e-01  0.00000000e+00  1.00000000e+00
  8.41819057e-01  0.00000000e+00  1.00000000e+00
  8.42818424e-01  0.00000000e+00  1.00000000e+00
  8.43817791e-01  0.00000000e+00  1.00000000e+00
  8.44817157e-01  0.00000000e+00  1.00000000e+00
  8.45816524e-01  0.00000000e+00  1.00000000e+00
  8.46815891e-01  0.00000000e+00  1.00000000e+00
  8.47815257e-01  0.00000000e+00  1.00000000e+00
  8.48814624e-01  0.00000000e+00  1.00000000e+00
  8.49813990e-01  0.00000000e+00  1.00000000e+00
  8.50813357e-01  0.00000000e+00  1.00000000e+00
  8.51812724e-01  0.00000000e+00  1.00000000e+00
  8.52812090e-01  0.00000000e+00  1.00000000e+00
  8.53811457e-01  0.00000000e+00  1.00000000e+00
  8.54810823e-01  0.00000000e+00  1.00000000e+00
  8.55810190e-01  0.00000000e+00  1.00000000e+00
  8.56809557e-01  0.00000000e+00  1.00000000e+00
  8.57808923e-01  0.00000000e+00  1.00000000e+00
  8.58808290e-01  0.00000000e+00  1.00000000e+00
  8.59807657e-01  0.00000000e+00  1.00000000e+00
  8.60807023e-01  0.00000000e+00  1.00000000e+00
  8.61806390e-01  0.00000000e+00  1.00000000e+00
  8.62805756e-01  0.00000000e+00  1.00000000e+00
  8.63805123e-01  0.00000000e+00  1.00000000e+00
  8.64804490e-01  0.00000000e+00  1.00000000e+00
  8.65803856e-01  0.00000000e+00  1.00000000e+00
  8.66803223e-01  0.00000000e+00  1.00000000e+00
  8.67802590e-01  0.00000000e+00  1.00000000e+00
  8.68801956e-01  0.00000000e+00  1.00000000e+00
  8.69801323e-01  0.00000000e+00  1.00000000e+00
  8.70800689e-01  0.00000000e+00  1.00000000e+00
  8.71800056e-01  0.00000000e+00  1.00000000e+00
  8.72799423e-01  0.00000000e+00  1.00000000e+00
  8.73798789e-01  0.00000000e+00  1.00000000e+00
  8.74798156e-01  0.00000000e+00  1.00000000e+00
  8.75797523e-01  0.00000000e+00  1.00000000e+00
  8.76796889e-01  0.00000000e+00  1.00000000e+00
  8.77796256e-01  0.00000000e+00  1.00000000e+00
  8.78795622e-01  0.00000000e+00  1.00000000e+00
  8.79794989e-01  0.00000000e+00  1.00000000e+00
  8.80794356e-01  0.00000000e+00  1.00000000e+00
  8.81793722e-01  0.00000000e+00  1.00000000e+00
  8.82793089e-01  0.00000000e+00  1.00000000e+00
  8.83792456e-01  0.00000000e+00  1.00000000e+00
  8.84791822e-01  0.00000000e+00  1.00000000e+00
  8.85791189e-01  0.00000000e+00  1.00000000e+00
  8.86790555e-01  0.00000000e+00  1.00000000e+00
  8.87789922e-01  0.00000000e+00  1.00000000e+00
  8.88789289e-01  0.00000000e+00  1.00000000e+00
  8.89788655e-01  0.00000000e+00  1.00000000e+00
  8.90788022e-01  0.00000000e+00  1.00000000e+00
  8.91787389e-01  0.00000000e+00  1.00000000e+00
  8.92786755e-01  0.00000000e+00  1.00000000e+00
  8.93786122e-01  0.00000000e+00  1.00000000e+00
  8.94785488e-01  0.00000000e+00  1.00000000e+00
  8.95784855e-01  0.00000000e+00  1.00000000e+00
  8.96784222e-01  0.00000000e+00  1.00000000e+00
  8.97783588e-01  0.00000000e+00  1.00000000e+00
  8.98782955e-01  0.00000000e+00  1.00000000e+00
  8.99782322e-01  0.00000000e+00  1.00000000e+00
  9.00781688e-01  0.00000000e+00  1.00000000e+00
  9.01781055e-01  0.00000000e+00  1.00000000e+00
  9.02780421e-01  0.00000000e+00  1.00000000e+00
  9.03779788e-01  0.00000000e+00  1.00000000e+00
  9.04779155e-01  0.00000000e+00  1.00000000e+00
  9.05778521e-01  0.00000000e+00  1.00000000e+00
  9.06777888e-01  0.00000000e+00  1.00000000e+00
  9.07777255e-01  0.00000000e+00  1.00000000e+00
  9.08776621e-01  0.00000000e+00  1.00000000e+00
  9.09775988e-01  0.00000000e+00  1.00000000e+00
  9.10775354e-01  0.00000000e+00  1.00000000e+00
  9.11774721e-01  0.00000000e+00  1.00000000e+00
  9.12774088e-01  0.00000000e+00  1.00000000e+00
  9.13773454e-01  0.00000000e+00  1.00000000e+00
  9.14772821e-01  0.00000000e+00  1.00000000e+00
  9.15772188e-01  0.00000000e+00  1.00000000e+00
  9.16771554e-01  0.00000000e+00  1.00000000e+00
  9.17770921e-01  0.00000000e+00  1.00000000e+00
  9.18770287e-01  0.00000000e+00  1.00000000e+00
  9.19769654e-01  0.00000000e+00  1.00000000e+00
  9.20769021e-01  0.00000000e+00  1.00000000e+00
  9.21768387e-01  0.00000000e+00  1.00000000e+00
  9.22767754e-01  0.00000000e+00  1.00000000e+00
  9.23767121e-01  0.00000000e+00  1.00000000e+00
  9.24766487e-01  0.00000000e+00  1.00000000e+00
  9.25765854e-01  0.00000000e+00  1.00000000e+00
  9.26765220e-01  0.00000000e+00  1.00000000e+00
  9.27764587e-01  0.00000000e+00  1.00000000e+00
  9.28763954e-01  0.00000000e+00  1.00000000e+00
  9.29763320e-01  0.00000000e+00  1.00000000e+00
  9.30762687e-01  0.00000000e+00  1.00000000e+00
  9.31762054e-01  0.00000000e+00  1.00000000e+00
  9.32761420e-01  0.00000000e+00  1.00000000e+00
  9.33760787e-01  0.00000000e+00  1.00000000e+00
  9.34760153e-01  0.00000000e+00  1.00000000e+00
  9.35759520e-01  0.00000000e+00  1.00000000e+00
  9.36758887e-01  0.00000000e+00  1.00000000e+00
  9.37758253e-01  0.00000000e+00  1.00000000e+00
  9.38757620e-01  0.00000000e+00  1.00000000e+00
  9.39756986e-01  0.00000000e+00  1.00000000e+00
  9.40756353e-01  0.00000000e+00  1.00000000e+00
  9.41755720e-01  0.00000000e+00  1.00000000e+00
  9.42755086e-01  0.00000000e+00  1.00000000e+00
  9.43754453e-01  0.00000000e+00  1.00000000e+00
  9.44753820e-01  0.00000000e+00  1.00000000e+00
  9.45753186e-01  0.00000000e+00  1.00000000e+00
  9.46752553e-01  0.00000000e+00  1.00000000e+00
  9.47751919e-01  0.00000000e+00  1.00000000e+00
  9.48751286e-01  0.00000000e+00  1.00000000e+00
  9.49750653e-01  0.00000000e+00  1.00000000e+00
  9.50750019e-01  0.00000000e+00  1.00000000e+00
  9.51749386e-01  0.00000000e+00  1.00000000e+00
  9.52748753e-01  0.00000000e+00  1.00000000e+00
  9.53748119e-01  0.00000000e+00  1.00000000e+00
  9.54747486e-01  0.00000000e+00  1.00000000e+00
  9.55746852e-01  0.00000000e+00  1.00000000e+00
  9.56746219e-01  0.00000000e+00  1.00000000e+00
  9.57745586e-01  0.00000000e+00  1.00000000e+00
  9.58744952e-01  0.00000000e+00  1.00000000e+00
  9.59744319e-01  0.00000000e+00  1.00000000e+00
  9.60743686e-01  0.00000000e+00  1.00000000e+00
  9.61743052e-01  0.00000000e+00  1.00000000e+00
  9.62742419e-01  0.00000000e+00  1.00000000e+00
  9.63741785e-01  0.00000000e+00  1.00000000e+00
  9.64741152e-01  0.00000000e+00  1.00000000e+00
  9.65740519e-01  0.00000000e+00  1.00000000e+00
  9.66739885e-01  0.00000000e+00  1.00000000e+00
  9.67739252e-01  0.00000000e+00  1.00000000e+00
  9.68738619e-01  0.00000000e+00  1.00000000e+00
  9.69737985e-01  0.00000000e+00  1.00000000e+00
  9.70737352e-01  0.00000000e+00  1.00000000e+00
  9.71736718e-01  0.00000000e+00  1.00000000e+00
  9.72736085e-01  0.00000000e+00  1.00000000e+00
  9.73735452e-01  0.00000000e+00  1.00000000e+00
  9.74734818e-01  0.00000000e+00  1.00000000e+00
  9.75734185e-01  0.00000000e+00  1.00000000e+00
  9.76733552e-01  0.00000000e+00  1.00000000e+00
  9.77732918e-01  0.00000000e+00  1.00000000e+00
  9.78732285e-01  0.00000000e+00  1.00000000e+00
  9.79731651e-01  0.00000000e+00  1.00000000e+00
  9.80731018e-01  0.00000000e+00  1.00000000e+00
  9.81730385e-01  0.00000000e+00  1.00000000e+00
