 -3.56628407e-01  0.00000000e+00  0.00000000e+00
 -3.55629040e-01  1.32235776e-06  1.32235776e-06
 -3.54629673e-01  0.00000000e+00  1.32235776e-06
 -3.53630307e-01  0.00000000e+00  1.32235776e-06
 -3.52630940e-01  0.00000000e+00  1.32235776e-06
 -3.51631574e-01  0.00000000e+00  1.32235776e-06
 -3.50632207e-01  0.00000000e+00  1.32235776e-06
 -3.49632840e-01  0.00000000e+00  1.32235776e-06
 -3.48633474e-01  1.32235776e-06  2.64471553e-06
 -3.47634107e-01  0.00000000e+00  2.64471553e-06
 -3.46634740e-01  0.00000000e+00  2.64471553e-06
 -3.45635374e-01  0.00000000e+00  2.64471553e-06
 -3.44636007e-01  1.32235776e-06  3.96707329e-06
 -3.43636641e-01  0.00000000e+00  3.96707329e-06
 -3.42637274e-01  0.00000000e+00  3.96707329e-06
 -3.41637907e-01  0.00000000e+00  3.96707329e-06
 -3.40638541e-01  0.00000000e+00  3.96707329e-06
 -3.39639174e-01  0.00000000e+00  3.96707329e-06
 -3.38639807e-01  0.00000000e+00  3.96707329e-06
 -3.37640441e-01  0.00000000e+00  3.96707329e-06
 -3.36641074e-01  1.32235776e-06  5.28943106e-06
 -3.35641708e-01  0.00000000e+00  5.28943106e-06
 -3.34642341e-01  0.00000000e+00  5.28943106e-06
 -3.33642974e-01  1.32235776e-06  6.61178882e-06
 -3.32643608e-01  0.00000000e+00  6.61178882e-06
 -3.31644241e-01  0.00000000e+00  6.61178882e-06
 -3.30644874e-01  0.00000000e+00  6.61178882e-06
 -3.29645508e-01  0.00000000e+00  6.61178882e-06
 -3.28646141e-01  0.00000000e+00  6.61178882e-06
 -3.27646775e-01  0.00000000e+00  6.61178882e-06
 -3.26647408e-01  0.00000000e+00  6.61178882e-06
 -3.25648041e-01  0.00000000e+00  6.61178882e-06
 -3.24648675e-01  0.00000000e+00  6.61178882e-06
 -3.23649308e-01  1.32235776e-06  7.93414658e-06
 -3.22649941e-01  0.00000000e+00  7.93414658e-06
 -3.21650575e-01  0.00000000e+00  7.93414658e-06
 -3.20651208e-01  2.64471553e-06  1.05788621e-05
 -3.19651842e-01  0.00000000e+00  1.05788621e-05
 -3.18652475e-01  0.00000000e+00  1.05788621e-05
 -3.17653108e-01  0.00000000e+00  1.05788621e-05
 -3.16653742e-01  1.32235776e-06  1.19012199e-05
 -3.15654375e-01  0.00000000e+00  1.19012199e-05
 -3.14655008e-01  2.64471553e-06  1.45459354e-05
 -3.13655642e-01  0.00000000e+00  1.45459354e-05
 -3.12656275e-01  1.32235776e-06  1.58682932e-05
 -3.11656909e-01  2.64471553e-06  1.85130087e-05
 -3.10657542e-01  0.00000000e+00  1.85130087e-05
 -3.09658175e-01  2.64471553e-06  2.11577242e-05
 -3.08658809e-01  1.32235776e-06  2.24800820e-05
 -3.07659442e-01  0.00000000e+00  2.24800820e-05
 -3.06660076e-01  1.32235776e-06  2.38024398e-05
 -3.05660709e-01  0.00000000e+00  2.38024398e-05
 -3.04661342e-01  0.00000000e+00  2.38024398e-05
 -3.03661976e-01  1.32235776e-06  2.51247975e-05
 -3.02662609e-01  1.32235776e-06  2.64471553e-05
 -3.01663242e-01  2.64471553e-06  2.90918708e-05
 -3.00663876e-01  1.32235776e-06  3.04142286e-05
 -2.99664509e-01  0.00000000e+00  3.04142286e-05
 -2.98665143e-01  2.64471553e-06  3.30589441e-05
 -2.97665776e-01  0.00000000e+00  3.30589441e-05
 -2.96666409e-01  1.32235776e-06  3.43813019e-05
 -2.95667043e-01  2.64471553e-06  3.70260174e-05
 -2.94667676e-01  1.32235776e-06  3.83483752e-05
 -2.93668309e-01  2.64471553e-06  4.09930907e-05
 -2.92668943e-01  3.96707329e-06  4.49601640e-05
 -2.91669576e-01  6.61178882e-06  5.15719528e-05
 -2.90670210e-01  1.32235776e-06  5.28943106e-05
 -2.89670843e-01  6.61178882e-06  5.95060994e-05
 -2.88671476e-01  2.64471553e-06  6.21508149e-05
 -2.87672110e-01  1.32235776e-06  6.34731727e-05
 -2.86672743e-01  5.28943106e-06  6.87626037e-05
 -2.85673376e-01  2.64471553e-06  7.14073193e-05
 -2.84674010e-01  7.93414658e-06  7.93414658e-05
 -2.83674643e-01  2.64471553e-06  8.19861814e-05
 -2.82675277e-01  2.64471553e-06  8.46308969e-05
 -2.81675910e-01  9.25650435e-06  9.38874012e-05
 -2.80676543e-01  5.28943106e-06  9.91768323e-05
 -2.79677177e-01  5.28943106e-06  1.04466263e-04
 -2.78677810e-01  1.19012199e-05  1.16367483e-04
 -2.77678443e-01  2.64471553e-06  1.19012199e-04
 -2.76679077e-01  7.93414658e-06  1.26946345e-04
 -2.75679710e-01  6.61178882e-06  1.33558134e-04
 -2.74680344e-01  3.96707329e-06  1.37525207e-04
 -2.73680977e-01  2.64471553e-06  1.40169923e-04
 -2.72681610e-01  1.19012199e-05  1.52071143e-04
 -2.71682244e-01  1.19012199e-05  1.63972363e-04
 -2.70682877e-01  6.61178882e-06  1.70584152e-04
 -2.69683510e-01  2.64471553e-06  1.73228867e-04
 -2.68684144e-01  5.28943106e-06  1.78518298e-04
 -2.67684777e-01  1.05788621e-05  1.89097160e-04
 -2.66685411e-01  6.61178882e-06  1.95708949e-04
 -2.65686044e-01  9.25650435e-06  2.04965453e-04
 -2.64686677e-01  1.19012199e-05  2.16866673e-04
 -2.63687311e-01  1.45459354e-05  2.31412609e-04
 -2.62687944e-01  9.25650435e-06  2.40669113e-04
 -2.61688577e-01  1.05788621e-05  2.51247975e-04
 -2.60689211e-01  1.05788621e-05  2.61826837e-04
 -2.59689844e-01  1.45459354e-05  2.76372773e-04
 -2.58690478e-01  2.64471553e-06  2.79017488e-04
 -2.57691111e-01  6.61178882e-06  2.85629277e-04
 -2.56691744e-01  9.25650435e-06  2.94885781e-04
 -2.55692378e-01  1.71906509e-05  3.12076432e-04
 -2.54693011e-01  1.45459354e-05  3.26622368e-04
 -2.53693644e-01  1.32235776e-05  3.39845945e-04
 -2.52694278e-01  2.11577242e-05  3.61003670e-04
 -2.51694911e-01  1.85130087e-05  3.79516678e-04
 -2.50695545e-01  1.98353665e-05  3.99352045e-04
 -2.49696178e-01  2.38024398e-05  4.23154484e-04
 -2.48696811e-01  1.85130087e-05  4.41667493e-04
 -2.47697445e-01  1.71906509e-05  4.58858144e-04
 -2.46698078e-01  1.98353665e-05  4.78693511e-04
 -2.45698711e-01  2.51247975e-05  5.03818308e-04
 -2.44699345e-01  2.11577242e-05  5.24976032e-04
 -2.43699978e-01  1.98353665e-05  5.44811399e-04
 -2.42700612e-01  2.24800820e-05  5.67291481e-04
 -2.41701245e-01  1.98353665e-05  5.87126847e-04
 -2.40701878e-01  1.71906509e-05  6.04317498e-04
 -2.39702512e-01  2.64471553e-05  6.30764653e-04
 -2.38703145e-01  2.64471553e-05  6.57211809e-04
 -2.37703778e-01  1.85130087e-05  6.75724817e-04
 -2.36704412e-01  3.04142286e-05  7.06139046e-04
 -2.35705045e-01  1.32235776e-05  7.19362624e-04
 -2.34705679e-01  3.57036596e-05  7.55066283e-04
 -2.33706312e-01  3.04142286e-05  7.85480512e-04
 -2.32706945e-01  3.57036596e-05  8.21184171e-04
 -2.31707579e-01  2.77695130e-05  8.48953684e-04
 -2.30708212e-01  3.30589441e-05  8.82012629e-04
 -2.29708845e-01  3.04142286e-05  9.12426857e-04
 -2.28709479e-01  3.43813019e-05  9.46808159e-04
 -2.27710112e-01  4.36378062e-05  9.90445965e-04
 -2.26710746e-01  3.17365863e-05  1.02218255e-03
 -2.25711379e-01  3.04142286e-05  1.05259678e-03
 -2.24712012e-01  2.77695130e-05  1.08036629e-03
 -2.23712646e-01  4.09930907e-05  1.12135938e-03
 -2.22713279e-01  4.23154484e-05  1.16367483e-03
 -2.21713913e-01  3.70260174e-05  1.20070085e-03
 -2.20714546e-01  4.62825217e-05  1.24698337e-03
 -2.19715179e-01  5.02495950e-05  1.29723297e-03
 -2.18715813e-01  4.62825217e-05  1.34351549e-03
 -2.17716446e-01  4.76048795e-05  1.39112037e-03
 -2.16717079e-01  4.23154484e-05  1.43343582e-03
 -2.15717713e-01  4.89272373e-05  1.48236305e-03
 -2.14718346e-01  4.23154484e-05  1.52467850e-03
 -2.13718980e-01  5.42166683e-05  1.57889517e-03
 -2.12719613e-01  4.89272373e-05  1.62782241e-03
 -2.11720246e-01  5.28943106e-05  1.68071672e-03
 -2.10720880e-01  3.96707329e-05  1.72038745e-03
 -2.09721513e-01  4.76048795e-05  1.76799233e-03
 -2.08722146e-01  4.09930907e-05  1.80898542e-03
 -2.07722780e-01  5.81837416e-05  1.86716916e-03
 -2.06723413e-01  5.68613838e-05  1.92403055e-03
 -2.05724047e-01  6.61178882e-05  1.99014843e-03
 -2.04724680e-01  7.14073193e-05  2.06155575e-03
 -2.03725313e-01  5.95060994e-05  2.12106185e-03
 -2.02725947e-01  5.95060994e-05  2.18056795e-03
 -2.01726580e-01  7.53743925e-05  2.25594235e-03
 -2.00727213e-01  6.87626037e-05  2.32470495e-03
 -1.99727847e-01  7.27296770e-05  2.39743463e-03
 -1.98728480e-01  7.40520348e-05  2.47148666e-03
 -1.97729114e-01  8.06638236e-05  2.55215048e-03
 -1.96729747e-01  6.87626037e-05  2.62091309e-03
 -1.95730380e-01  7.40520348e-05  2.69496512e-03
 -1.94731014e-01  7.00849615e-05  2.76505008e-03
 -1.93731647e-01  7.66967503e-05  2.84174683e-03
 -1.92732280e-01  8.33085391e-05  2.92505537e-03
 -1.91732914e-01  6.08284571e-05  2.98588383e-03
 -1.90733547e-01  7.93414658e-05  3.06522530e-03
 -1.89734181e-01  7.00849615e-05  3.13531026e-03
 -1.88734814e-01  8.46308969e-05  3.21994116e-03
 -1.87735447e-01  9.12426857e-05  3.31118384e-03
 -1.86736081e-01  7.80191081e-05  3.38920295e-03
 -1.85736714e-01  9.52097590e-05  3.48441271e-03
 -1.84737347e-01  1.00499190e-04  3.58491190e-03
 -1.83737981e-01  8.72756124e-05  3.67218751e-03
 -1.82738614e-01  8.99203279e-05  3.76210784e-03
 -1.81739248e-01  8.59532547e-05  3.84806109e-03
 -1.80739881e-01  7.14073193e-05  3.91946841e-03
 -1.79740514e-01  8.85979702e-05  4.00806638e-03
 -1.78741148e-01  1.03143906e-04  4.11121029e-03
 -1.77741781e-01  1.08433337e-04  4.21964362e-03
 -1.76742414e-01  1.26946345e-04  4.34658997e-03
 -1.75743048e-01  1.11078052e-04  4.45766802e-03
 -1.74743681e-01  1.20334557e-04  4.57800258e-03
 -1.73744315e-01  1.32235776e-04  4.71023835e-03
 -1.72744948e-01  1.33558134e-04  4.84379649e-03
 -1.71745581e-01  1.15045125e-04  4.95884161e-03
 -1.70746215e-01  1.17689841e-04  5.07653146e-03
 -1.69746848e-01  1.28268703e-04  5.20480016e-03
 -1.68747481e-01  1.26946345e-04  5.33174650e-03
 -1.67748115e-01  1.41492281e-04  5.47323878e-03
 -1.66748748e-01  1.25623988e-04  5.59886277e-03
 -1.65749382e-01  9.52097590e-05  5.69407253e-03
 -1.64750015e-01  1.34880492e-04  5.82895302e-03
 -1.63750648e-01  1.50748785e-04  5.97970181e-03
 -1.62751282e-01  1.49426427e-04  6.12912824e-03
 -1.61751915e-01  1.17689841e-04  6.24681808e-03
 -1.60752548e-01  1.34880492e-04  6.38169857e-03
 -1.59753182e-01  1.41492281e-04  6.52319085e-03
 -1.58753815e-01  1.41492281e-04  6.66468313e-03
 -1.57754449e-01  1.45459354e-04  6.81014248e-03
 -1.56755082e-01  1.32235776e-04  6.94237826e-03
 -1.55755715e-01  1.41492281e-04  7.08387054e-03
 -1.54756349e-01  1.45459354e-04  7.22932990e-03
 -1.53756982e-01  1.34880492e-04  7.36421039e-03
 -1.52757615e-01  1.60005289e-04  7.52421568e-03
 -1.51758249e-01  1.70584152e-04  7.69479983e-03
 -1.50758882e-01  1.91741876e-04  7.88654170e-03
 -1.49759516e-01  1.49426427e-04  8.03596813e-03
 -1.48760149e-01  1.78518298e-04  8.21448643e-03
 -1.47760782e-01  1.62650005e-04  8.37713643e-03
 -1.46761416e-01  1.73228867e-04  8.55036530e-03
 -1.45762049e-01  1.67939436e-04  8.71830474e-03
 -1.44762682e-01  1.78518298e-04  8.89682304e-03
 -1.43763316e-01  2.04965453e-04  9.10178849e-03
 -1.42763949e-01  1.69261794e-04  9.27105028e-03
 -1.41764583e-01  1.66617078e-04  9.43766736e-03
 -1.40765216e-01  2.02320738e-04  9.63998810e-03
 -1.39765849e-01  1.91741876e-04  9.83172997e-03
 -1.38766483e-01  1.97031307e-04  1.00287613e-02
 -1.37767116e-01  2.10254884e-04  1.02390162e-02
 -1.36767750e-01  1.86452445e-04  1.04254686e-02
 -1.35768383e-01  2.04965453e-04  1.06304341e-02
 -1.34769016e-01  1.87774802e-04  1.08182089e-02
 -1.33769650e-01  1.93064234e-04  1.10112731e-02
 -1.32770283e-01  2.10254884e-04  1.12215280e-02
 -1.31770916e-01  1.98353665e-04  1.14198816e-02
 -1.30771550e-01  2.24800820e-04  1.16446825e-02
 -1.29772183e-01  1.91741876e-04  1.18364243e-02
 -1.28772817e-01  2.20833747e-04  1.20572581e-02
 -1.27773450e-01  2.06287811e-04  1.22635459e-02
 -1.26774083e-01  2.36702040e-04  1.25002479e-02
 -1.25774717e-01  2.40669113e-04  1.27409171e-02
 -1.24775350e-01  2.20833747e-04  1.29617508e-02
 -1.23775983e-01  2.27445535e-04  1.31891963e-02
 -1.22776617e-01  2.59182122e-04  1.34483785e-02
 -1.21777250e-01  2.26123178e-04  1.36745016e-02
 -1.20777884e-01  2.23478462e-04  1.38979801e-02
 -1.19778517e-01  2.45958544e-04  1.41439386e-02
 -1.18779150e-01  2.34057324e-04  1.43779960e-02
 -1.17779784e-01  2.57859764e-04  1.46358557e-02
 -1.16780417e-01  2.52570333e-04  1.48884261e-02
 -1.15781050e-01  2.43313829e-04  1.51317399e-02
 -1.14781684e-01  2.71083342e-04  1.54028232e-02
 -1.13782317e-01  2.44636186e-04  1.56474594e-02
 -1.12782951e-01  2.45958544e-04  1.58934180e-02
 -1.11783584e-01  2.47280902e-04  1.61406989e-02
 -1.10784217e-01  2.61826837e-04  1.64025257e-02
 -1.09784851e-01  2.48603260e-04  1.66511290e-02
 -1.08785484e-01  2.94885781e-04  1.69460147e-02
 -1.07786117e-01  2.80339846e-04  1.72263546e-02
 -1.06786751e-01  3.00175212e-04  1.75265298e-02
 -1.05787384e-01  2.75050415e-04  1.78015802e-02
 -1.04788018e-01  3.00175212e-04  1.81017554e-02
 -1.03788651e-01  3.01497570e-04  1.84032530e-02
 -1.02789284e-01  2.72405699e-04  1.86756587e-02
 -1.01789918e-01  2.63149195e-04  1.89388079e-02
 -1.00790551e-01  2.81662204e-04  1.92204701e-02
 -9.97911844e-02  3.27944725e-04  1.95484148e-02
 -9.87918178e-02  3.00175212e-04  1.98485900e-02
 -9.77924512e-02  3.04142286e-04  2.01527323e-02
 -9.67930846e-02  3.29267083e-04  2.04819994e-02
 -9.57937179e-02  3.45135376e-04  2.08271348e-02
 -9.47943513e-02  3.50424807e-04  2.11775596e-02
 -9.37949847e-02  3.31911799e-04  2.15094714e-02
 -9.27956181e-02  3.29267083e-04  2.18387385e-02
 -9.17962514e-02  3.35878872e-04  2.21746173e-02
 -9.07968848e-02  3.92740256e-04  2.25673576e-02
 -8.97975182e-02  3.58358954e-04  2.29257166e-02
 -8.87981516e-02  3.66293101e-04  2.32920097e-02
 -8.77987849e-02  3.72904889e-04  2.36649145e-02
 -8.67994183e-02  3.38523588e-04  2.40034381e-02
 -8.58000517e-02  3.98029687e-04  2.44014678e-02
 -8.48006851e-02  3.72904889e-04  2.47743727e-02
 -8.38013185e-02  3.75549605e-04  2.51499223e-02
 -8.28019518e-02  4.01996760e-04  2.55519191e-02
 -8.18025852e-02  3.61003670e-04  2.59129227e-02
 -8.08032186e-02  3.94062614e-04  2.63069854e-02
 -7.98038520e-02  4.42989851e-04  2.67499752e-02
 -7.88044853e-02  3.92740256e-04  2.71427155e-02
 -7.78051187e-02  4.21832127e-04  2.75645476e-02
 -7.68057521e-02  4.15220338e-04  2.79797679e-02
 -7.58063855e-02  3.84806109e-04  2.83645740e-02
 -7.48070188e-02  4.39022778e-04  2.88035968e-02
 -7.38076522e-02  4.20509769e-04  2.92241066e-02
 -7.28082856e-02  4.45634566e-04  2.96697411e-02
 -7.18089190e-02  4.23154484e-04  3.00928956e-02
 -7.08095523e-02  4.31088631e-04  3.05239843e-02
 -6.98101857e-02  4.11253265e-04  3.09352375e-02
 -6.88108191e-02  4.49601640e-04  3.13848392e-02
 -6.78114525e-02  4.41667493e-04  3.18265067e-02
 -6.68120859e-02  4.68114648e-04  3.22946213e-02
 -6.58127192e-02  4.85305299e-04  3.27799266e-02
 -6.48133526e-02  4.62825217e-04  3.32427518e-02
 -6.38139860e-02  4.76048795e-04  3.37188006e-02
 -6.28146194e-02  4.62825217e-04  3.41816258e-02
 -6.18152527e-02  4.27121558e-04  3.46087474e-02
 -6.08158861e-02  4.93239446e-04  3.51019868e-02
 -5.98165195e-02  5.09107739e-04  3.56110946e-02
 -5.88171529e-02  5.22331317e-04  3.61334259e-02
 -5.78177862e-02  5.26298390e-04  3.66597243e-02
 -5.68184196e-02  5.36877252e-04  3.71966015e-02
 -5.58190530e-02  5.23653675e-04  3.77202552e-02
 -5.48196864e-02  5.21008959e-04  3.82412642e-02
 -5.38203197e-02  5.27620748e-04  3.87688849e-02
 -5.28209531e-02  5.47456114e-04  3.93163410e-02
 -5.18215865e-02  5.62002050e-04  3.98783431e-02
 -5.08222199e-02  5.63324407e-04  4.04416675e-02
 -4.98228533e-02  5.72580912e-04  4.10142484e-02
 -4.88234866e-02  5.35554894e-04  4.15498033e-02
 -4.78241200e-02  5.92416278e-04  4.21422196e-02
 -4.68247534e-02  6.09606929e-04  4.27518265e-02
 -4.58253868e-02  5.64646765e-04  4.33164733e-02
 -4.48260201e-02  5.81837416e-04  4.38983107e-02
 -4.38266535e-02  5.96383352e-04  4.44946940e-02
 -4.28272869e-02  6.49277662e-04  4.51439717e-02
 -4.18279203e-02  6.10929287e-04  4.57549010e-02
 -4.08285536e-02  6.09606929e-04  4.63645079e-02
 -3.98291870e-02  6.29442296e-04  4.69939502e-02
 -3.88298204e-02  6.25475222e-04  4.76194254e-02
 -3.78304538e-02  6.33409369e-04  4.82528348e-02
 -3.68310871e-02  6.32087011e-04  4.88849218e-02
 -3.58317205e-02  6.96882542e-04  4.95818044e-02
 -3.48323539e-02  6.42665873e-04  5.02244702e-02
 -3.38329873e-02  6.59856524e-04  5.08843268e-02
 -3.28336206e-02  6.43988231e-04  5.15283150e-02
 -3.18342540e-02  6.77047175e-04  5.22053622e-02
 -3.08348874e-02  7.57710999e-04  5.29630732e-02
 -2.98355208e-02  6.87626037e-04  5.36506992e-02
 -2.88361542e-02  6.61178882e-04  5.43118781e-02
 -2.78367875e-02  6.73080102e-04  5.49849582e-02
 -2.68374209e-02  7.81513438e-04  5.57664716e-02
 -2.58380543e-02  6.74402460e-04  5.64408741e-02
 -2.48386877e-02  7.52421568e-04  5.71932956e-02
 -2.38393210e-02  7.33908559e-04  5.79272042e-02
 -2.28399544e-02  7.18040266e-04  5.86452445e-02
 -2.18405878e-02  7.94737016e-04  5.94399815e-02
 -2.08412212e-02  7.53743925e-04  6.01937254e-02
 -1.98418545e-02  8.19861814e-04  6.10135872e-02
 -1.88424879e-02  7.82835796e-04  6.17964230e-02
 -1.78431213e-02  7.47132137e-04  6.25435552e-02
 -1.68437547e-02  7.94737016e-04  6.33382922e-02
 -1.58443880e-02  7.63000430e-04  6.41012926e-02
 -1.48450214e-02  7.72256934e-04  6.48735495e-02
 -1.38456548e-02  8.14572383e-04  6.56881219e-02
 -1.28462882e-02  8.17217098e-04  6.65053390e-02
 -1.18469216e-02  8.22506529e-04  6.73278455e-02
 -1.08475549e-02  8.01348805e-04  6.81291944e-02
 -9.84818831e-03  8.37052465e-04  6.89662468e-02
 -8.84882168e-03  8.56887831e-04  6.98231346e-02
 -7.84945506e-03  8.37052465e-04  7.06601871e-02
 -6.85008844e-03  8.42341896e-04  7.15025290e-02
 -5.85072181e-03  9.24328077e-04  7.24268571e-02
 -4.85135519e-03  9.32262224e-04  7.33591193e-02
 -3.85198857e-03  9.52097590e-04  7.43112169e-02
 -2.85262194e-03  8.52920758e-04  7.51641377e-02
 -1.85325532e-03  9.12426857e-04  7.60765645e-02
 -8.53888695e-04  9.49452874e-04  7.70260174e-02
  1.45477929e-04  9.66643525e-04  7.79926609e-02
  1.14484455e-03  9.21683361e-04  7.89143443e-02
  2.14421118e-03  9.53419948e-04  7.98677642e-02
  3.14357780e-03  9.99702470e-04  8.08674667e-02
  4.14294442e-03  9.50775232e-04  8.18182419e-02
  5.14231105e-03  1.02086019e-03  8.28391021e-02
  6.14167767e-03  9.49452874e-04  8.37885550e-02
  7.14104429e-03  1.03143906e-03  8.48199940e-02
  8.14041092e-03  1.02218255e-03  8.58421766e-02
  9.13977754e-03  9.81189461e-04  8.68233661e-02
  1.01391442e-02  1.08697808e-03  8.79103441e-02
  1.11385108e-02  9.93090681e-04  8.89034348e-02
  1.21378774e-02  1.03408377e-03  8.99375186e-02
  1.31372440e-02  1.12268174e-03  9.10602003e-02
  1.41366107e-02  1.03672849e-03  9.20969288e-02
  1.51359773e-02  1.08036629e-03  9.31772951e-02
  1.61353439e-02  1.03937320e-03  9.42166683e-02
  1.71347105e-02  1.10284638e-03  9.53195147e-02
  1.81340772e-02  1.09094516e-03  9.64104598e-02
  1.91334438e-02  1.05127442e-03  9.74617343e-02
  2.01328104e-02  1.07375450e-03  9.85354888e-02
  2.11321770e-02  1.06449800e-03  9.95999868e-02
  2.21315436e-02  1.09755694e-03  1.00697544e-01
  2.31309103e-02  1.13987239e-03  1.01837416e-01
  2.41302769e-02  1.13326060e-03  1.02970677e-01
  2.51296435e-02  1.13590532e-03  1.04106582e-01
  2.61290101e-02  1.21656914e-03  1.05323151e-01
  2.71283768e-02  1.20599028e-03  1.06529141e-01
  2.81277434e-02  1.13458296e-03  1.07663724e-01
  2.91271100e-02  1.22714800e-03  1.08890872e-01
  3.01264766e-02  1.19541142e-03  1.10086284e-01
  3.11258433e-02  1.17028662e-03  1.11256570e-01
  3.21252099e-02  1.22847036e-03  1.12485041e-01
  3.31245765e-02  1.23904922e-03  1.13724090e-01
  3.41239431e-02  1.23904922e-03  1.14963139e-01
  3.51233098e-02  1.27343053e-03  1.16236570e-01
  3.61226764e-02  1.21392443e-03  1.17450494e-01
  3.71220430e-02  1.28797646e-03  1.18738471e-01
  3.81214096e-02  1.32235776e-03  1.20060828e-01
  3.91207762e-02  1.32764719e-03  1.21388476e-01
  4.01201429e-02  1.33029191e-03  1.22718768e-01
  4.11195095e-02  1.29062118e-03  1.24009389e-01
  4.21188761e-02  1.29723297e-03  1.25306622e-01
  4.31182427e-02  1.35012728e-03  1.26656749e-01
  4.41176094e-02  1.32764719e-03  1.27984396e-01
  4.51169760e-02  1.33425898e-03  1.29318655e-01
  4.61163426e-02  1.34351549e-03  1.30662171e-01
  4.71157092e-02  1.36731793e-03  1.32029489e-01
  4.81150759e-02  1.41360045e-03  1.33443089e-01
  4.91144425e-02  1.42021224e-03  1.34863301e-01
  5.01138091e-02  1.51542200e-03  1.36378723e-01
  5.11131757e-02  1.38847565e-03  1.37767199e-01
  5.21125424e-02  1.44533704e-03  1.39212536e-01
  5.31119090e-02  1.41227809e-03  1.40624814e-01
  5.41112756e-02  1.44136996e-03  1.42066184e-01
  5.51106422e-02  1.34087077e-03  1.43407055e-01
  5.61100088e-02  1.54451387e-03  1.44951569e-01
  5.71093755e-02  1.49029720e-03  1.46441866e-01
  5.81087421e-02  1.54980330e-03  1.47991669e-01
  5.91081087e-02  1.54319151e-03  1.49534861e-01
  6.01074753e-02  1.43343582e-03  1.50968296e-01
  6.11068420e-02  1.52203379e-03  1.52490330e-01
  6.21062086e-02  1.55641509e-03  1.54046745e-01
  6.31055752e-02  1.47046183e-03  1.55517207e-01
  6.41049418e-02  1.49690899e-03  1.57014116e-01
  6.51043085e-02  1.52071143e-03  1.58534828e-01
  6.61036751e-02  1.62650005e-03  1.60161328e-01
  6.71030417e-02  1.64765777e-03  1.61808985e-01
  6.81024083e-02  1.65426956e-03  1.63463255e-01
  6.91017750e-02  1.59873054e-03  1.65061986e-01
  7.01011416e-02  1.65955899e-03  1.66721545e-01
  7.11005082e-02  1.63707891e-03  1.68358623e-01
  7.20998748e-02  1.58682932e-03  1.69945453e-01
  7.30992414e-02  1.66881550e-03  1.71614268e-01
  7.40986081e-02  1.62782241e-03  1.73242091e-01
  7.50979747e-02  1.65426956e-03  1.74896360e-01
  7.60973413e-02  1.66617078e-03  1.76562531e-01
  7.70967079e-02  1.66088135e-03  1.78223412e-01
  7.80960746e-02  1.67013786e-03  1.79893550e-01
  7.90954412e-02  1.74286753e-03  1.81636418e-01
  8.00948078e-02  1.70451916e-03  1.83340937e-01
  8.10941744e-02  1.62385533e-03  1.84964792e-01
  8.20935411e-02  1.76799233e-03  1.86732785e-01
  8.30929077e-02  1.78518298e-03  1.88517968e-01
  8.40922743e-02  1.80501835e-03  1.90322986e-01
  8.50916409e-02  1.77857119e-03  1.92101557e-01
  8.60910076e-02  1.70584152e-03  1.93807399e-01
  8.70903742e-02  1.82749843e-03  1.95634897e-01
  8.80897408e-02  1.73625574e-03  1.97371153e-01
  8.90891074e-02  1.76666997e-03  1.99137823e-01
  9.00884741e-02  1.77989355e-03  2.00917716e-01
  9.10878407e-02  1.84468908e-03  2.02762405e-01
  9.20872073e-02  1.79443949e-03  2.04556845e-01
  9.30865739e-02  1.93328705e-03  2.06490132e-01
  9.40859405e-02  1.83411022e-03  2.08324242e-01
  9.50853072e-02  1.80634071e-03  2.10130583e-01
  9.60846738e-02  1.89493868e-03  2.12025522e-01
  9.70840404e-02  1.90155046e-03  2.13927072e-01
  9.80834070e-02  1.86584680e-03  2.15792919e-01
  9.90827737e-02  1.97031307e-03  2.17763232e-01
  1.00082140e-01  2.01791795e-03  2.19781150e-01
  1.01081507e-01  2.06816754e-03  2.21849317e-01
  1.02080874e-01  1.99940494e-03  2.23848722e-01
  1.03080240e-01  1.95708949e-03  2.25805812e-01
  1.04079607e-01  1.99940494e-03  2.27805217e-01
  1.05078973e-01  1.91080697e-03  2.29716024e-01
  1.06078340e-01  2.10916063e-03  2.31825184e-01
  1.07077707e-01  2.04304275e-03  2.33868227e-01
  1.08077073e-01  2.04039803e-03  2.35908625e-01
  1.09076440e-01  2.02452974e-03  2.37933155e-01
  1.10075807e-01  1.97163543e-03  2.39904790e-01
  1.11075173e-01  2.02320738e-03  2.41927998e-01
  1.12074540e-01  1.98221429e-03  2.43910212e-01
  1.13073906e-01  2.08139112e-03  2.45991603e-01
  1.14073273e-01  2.12899600e-03  2.48120599e-01
  1.15072640e-01  2.13957486e-03  2.50260174e-01
  1.16072006e-01  2.09461470e-03  2.52354789e-01
  1.17071373e-01  2.18056795e-03  2.54535357e-01
  1.18070740e-01  2.21230454e-03  2.56747661e-01
  1.19070106e-01  2.19379153e-03  2.58941453e-01
  1.20069473e-01  2.15544316e-03  2.61096896e-01
  1.21068839e-01  2.11709478e-03  2.63213991e-01
  1.22068206e-01  2.20172568e-03  2.65415716e-01
  1.23067573e-01  2.19643625e-03  2.67612152e-01
  1.24066939e-01  2.23081755e-03  2.69842970e-01
  1.25066306e-01  2.28238950e-03  2.72125360e-01
  1.26065672e-01  2.12502893e-03  2.74250388e-01
  1.27065039e-01  2.34718503e-03  2.76597573e-01
  1.28064406e-01  2.17263381e-03  2.78770207e-01
  1.29063772e-01  2.25990942e-03  2.81030117e-01
  1.30063139e-01  2.23213991e-03  2.83262257e-01
  1.31062506e-01  2.26916592e-03  2.85531423e-01
  1.32061872e-01  2.26784357e-03  2.87799266e-01
  1.33061239e-01  2.37230983e-03  2.90171576e-01
  1.34060605e-01  2.28106714e-03  2.92452643e-01
  1.35059972e-01  2.23081755e-03  2.94683461e-01
  1.36059339e-01  2.25197527e-03  2.96935436e-01
  1.37058705e-01  2.39478991e-03  2.99330226e-01
  1.38058072e-01  2.28106714e-03  3.01611293e-01
  1.39057439e-01  2.37098747e-03  3.03982280e-01
  1.40056805e-01  2.32470495e-03  3.06306985e-01
  1.41056172e-01  2.35247446e-03  3.08659460e-01
  1.42055538e-01  2.37363219e-03  3.11033092e-01
  1.43054905e-01  2.32867202e-03  3.13361764e-01
  1.44054272e-01  2.34057324e-03  3.15702337e-01
  1.45053638e-01  2.28900129e-03  3.17991339e-01
  1.46053005e-01  2.46619723e-03  3.20457536e-01
  1.47052372e-01  2.35115210e-03  3.22808688e-01
  1.48051738e-01  2.40007934e-03  3.25208767e-01
  1.49051105e-01  2.36702040e-03  3.27575788e-01
  1.50050471e-01  2.39875698e-03  3.29974545e-01
  1.51049838e-01  2.35644154e-03  3.32330986e-01
  1.52049205e-01  2.53099276e-03  3.34861979e-01
  1.53048571e-01  2.36834276e-03  3.37230322e-01
  1.54047938e-01  2.38024398e-03  3.39610566e-01
  1.55047305e-01  2.41065820e-03  3.42021224e-01
  1.56046671e-01  2.53892691e-03  3.44560151e-01
  1.57046038e-01  2.40933585e-03  3.46969487e-01
  1.58045404e-01  2.51247975e-03  3.49481966e-01
  1.59044771e-01  2.35247446e-03  3.51834441e-01
  1.60044138e-01  2.53892691e-03  3.54373368e-01
  1.61043504e-01  2.41594763e-03  3.56789315e-01
  1.62042871e-01  2.50057853e-03  3.59289894e-01
  1.63042238e-01  2.46355251e-03  3.61753446e-01
  1.64041604e-01  2.40404641e-03  3.64157493e-01
  1.65040971e-01  2.40404641e-03  3.66561539e-01
  1.66040337e-01  2.55611756e-03  3.69117657e-01
  1.67039704e-01  2.50454560e-03  3.71622202e-01
  1.68039071e-01  2.44503951e-03  3.74067242e-01
  1.69038437e-01  2.50586796e-03  3.76573110e-01
  1.70037804e-01  2.47677609e-03  3.79049886e-01
  1.71037171e-01  2.43578300e-03  3.81485669e-01
  1.72036537e-01  2.52438097e-03  3.84010050e-01
  1.73035904e-01  2.48603260e-03  3.86496083e-01
  1.74035270e-01  2.48867731e-03  3.88984760e-01
  1.75034637e-01  2.56934114e-03  3.91554101e-01
  1.76034004e-01  2.49661146e-03  3.94050712e-01
  1.77033370e-01  2.58785414e-03  3.96638567e-01
  1.78032737e-01  2.42917121e-03  3.99067738e-01
  1.79032104e-01  2.54818341e-03  4.01615921e-01
  1.80031470e-01  2.50190089e-03  4.04117822e-01
  1.81030837e-01  2.43975007e-03  4.06557572e-01
  1.82030203e-01  2.54686105e-03  4.09104433e-01
  1.83029570e-01  2.54686105e-03  4.11651294e-01
  1.84028937e-01  2.53495983e-03  4.14186254e-01
  1.85028303e-01  2.66058382e-03  4.16846838e-01
  1.86027670e-01  2.71083342e-03  4.19557671e-01
  1.87027037e-01  2.58388707e-03  4.22141558e-01
  1.88026403e-01  2.57066349e-03  4.24712222e-01
  1.89025770e-01  2.60504479e-03  4.27317267e-01
  1.90025136e-01  2.53760455e-03  4.29854871e-01
  1.91024503e-01  2.66455089e-03  4.32519422e-01
  1.92023870e-01  2.61165658e-03  4.35131079e-01
  1.93023236e-01  2.55215048e-03  4.37683229e-01
  1.94022603e-01  2.65793911e-03  4.40341168e-01
  1.95021970e-01  2.60504479e-03  4.42946213e-01
  1.96021336e-01  2.52305861e-03  4.45469272e-01
  1.97020703e-01  2.52967040e-03  4.47998942e-01
  1.98020069e-01  2.61826837e-03  4.50617210e-01
  1.99019436e-01  2.70951106e-03  4.53326722e-01
  2.00018803e-01  2.57198585e-03  4.55898707e-01
  2.01018169e-01  2.66587325e-03  4.58564581e-01
  2.02017536e-01  2.53231512e-03  4.61096896e-01
  2.03016903e-01  2.75447122e-03  4.63851367e-01
  2.04016269e-01  2.58256471e-03  4.66433932e-01
  2.05015636e-01  2.57198585e-03  4.69005918e-01
  2.06015002e-01  2.60504479e-03  4.71610962e-01
  2.07014369e-01  2.67512976e-03  4.74286092e-01
  2.08013736e-01  2.57595292e-03  4.76862045e-01
  2.09013102e-01  2.66984033e-03  4.79531885e-01
  2.10012469e-01  2.55215048e-03  4.82084036e-01
  2.11011836e-01  2.53099276e-03  4.84615029e-01
  2.12011202e-01  2.64868260e-03  4.87263711e-01
  2.13010569e-01  2.59446593e-03  4.89858177e-01
  2.14009935e-01  2.56537406e-03  4.92423551e-01
  2.15009302e-01  2.61430130e-03  4.95037852e-01
  2.16008669e-01  2.66455089e-03  4.97702403e-01
  2.17008035e-01  2.58388707e-03  5.00286290e-01
  2.18007402e-01  2.70025455e-03  5.02986545e-01
  2.19006768e-01  2.59446593e-03  5.05581011e-01
  2.20006135e-01  2.49925617e-03  5.08080267e-01
  2.21005502e-01  2.68835333e-03  5.10768620e-01
  2.22004868e-01  2.57066349e-03  5.13339284e-01
  2.23004235e-01  2.55611756e-03  5.15895402e-01
  2.24003602e-01  2.66322854e-03  5.18558630e-01
  2.25002968e-01  2.56934114e-03  5.21127971e-01
  2.26002335e-01  2.62884723e-03  5.23756818e-01
  2.27001701e-01  2.58917650e-03  5.26345995e-01
  2.28001068e-01  2.63413667e-03  5.28980132e-01
  2.29000435e-01  2.61033423e-03  5.31590466e-01
  2.29999801e-01  2.60504479e-03  5.34195511e-01
  2.30999168e-01  2.58124236e-03  5.36776753e-01
  2.31998535e-01  2.71876756e-03  5.39495521e-01
  2.32997901e-01  2.59578829e-03  5.42091309e-01
  2.33997268e-01  2.69893220e-03  5.44790241e-01
  2.34996634e-01  2.67645211e-03  5.47466693e-01
  2.35996001e-01  2.59314357e-03  5.50059837e-01
  2.36995368e-01  2.50983504e-03  5.52569672e-01
  2.37994734e-01  2.55347284e-03  5.55123145e-01
  2.38994101e-01  2.63810374e-03  5.57761248e-01
  2.39993468e-01  2.66587325e-03  5.60427122e-01
  2.40992834e-01  2.50586796e-03  5.62932990e-01
  2.41992201e-01  2.61694601e-03  5.65549936e-01
  2.42991567e-01  2.53892691e-03  5.68088862e-01
  2.43990934e-01  2.54024926e-03  5.70629112e-01
  2.44990301e-01  2.66322854e-03  5.73292340e-01
  2.45989667e-01  2.55082813e-03  5.75843168e-01
  2.46989034e-01  2.45165129e-03  5.78294820e-01
  2.47988401e-01  2.62223545e-03  5.80917055e-01
  2.48987767e-01  2.54024926e-03  5.83457304e-01
  2.49987134e-01  2.60372244e-03  5.86061027e-01
  2.50986500e-01  2.50057853e-03  5.88561605e-01
  2.51985867e-01  2.58520943e-03  5.91146815e-01
  2.52985234e-01  2.62752488e-03  5.93774340e-01
  2.53984600e-01  2.57330821e-03  5.96347648e-01
  2.54983967e-01  2.53363748e-03  5.98881285e-01
  2.55983334e-01  2.49132203e-03  6.01372607e-01
  2.56982700e-01  2.54421634e-03  6.03916824e-01
  2.57982067e-01  2.52702569e-03  6.06443849e-01
  2.58981433e-01  2.51380211e-03  6.08957651e-01
  2.59980800e-01  2.49925617e-03  6.11456908e-01
  2.60980167e-01  2.47677609e-03  6.13933684e-01
  2.61979533e-01  2.47280902e-03  6.16406493e-01
  2.62978900e-01  2.50057853e-03  6.18907071e-01
  2.63978267e-01  2.60636715e-03  6.21513438e-01
  2.64977633e-01  2.52702569e-03  6.24040464e-01
  2.65977000e-01  2.45429601e-03  6.26494760e-01
  2.66976366e-01  2.46884195e-03  6.28963602e-01
  2.67975733e-01  2.47545373e-03  6.31439056e-01
  2.68975100e-01  2.36040861e-03  6.33799464e-01
  2.69974466e-01  2.46090780e-03  6.36260372e-01
  2.70973833e-01  2.54421634e-03  6.38804589e-01
  2.71973200e-01  2.45826308e-03  6.41262852e-01
  2.72972566e-01  2.50322325e-03  6.43766075e-01
  2.73971933e-01  2.51909154e-03  6.46285166e-01
  2.74971299e-01  2.45032894e-03  6.48735495e-01
  2.75970666e-01  2.41991471e-03  6.51155410e-01
  2.76970033e-01  2.43578300e-03  6.53591193e-01
  2.77969399e-01  2.37892162e-03  6.55970115e-01
  2.78968766e-01  2.50322325e-03  6.58473338e-01
  2.79968133e-01  2.22817283e-03  6.60701511e-01
  2.80967499e-01  2.47148666e-03  6.63172997e-01
  2.81966866e-01  2.33528381e-03  6.65508281e-01
  2.82966232e-01  2.27048828e-03  6.67778770e-01
  2.83965599e-01  2.34850739e-03  6.70127277e-01
  2.84964966e-01  2.34057324e-03  6.72467850e-01
  2.85964332e-01  2.28371186e-03  6.74751562e-01
  2.86963699e-01  2.32470495e-03  6.77076267e-01
  2.87963066e-01  2.43446064e-03  6.79510728e-01
  2.88962432e-01  2.28238950e-03  6.81793117e-01
  2.89961799e-01  2.42388178e-03  6.84216999e-01
  2.90961165e-01  2.34718503e-03  6.86564184e-01
  2.91960532e-01  2.30354722e-03  6.88867731e-01
  2.92959899e-01  2.35115210e-03  6.91218883e-01
  2.93959265e-01  2.33792853e-03  6.93556812e-01
  2.94958632e-01  2.33792853e-03  6.95894740e-01
  2.95957999e-01  2.36966511e-03  6.98264405e-01
  2.96957365e-01  2.28238950e-03  7.00546795e-01
  2.97956732e-01  2.33528381e-03  7.02882079e-01
  2.98956098e-01  2.21230454e-03  7.05094383e-01
  2.99955465e-01  2.22023869e-03  7.07314622e-01
  3.00954832e-01  2.37627690e-03  7.09690899e-01
  3.01954198e-01  2.22552812e-03  7.11916427e-01
  3.02953565e-01  2.24404113e-03  7.14160468e-01
  3.03952931e-01  2.23478462e-03  7.16395253e-01
  3.04952298e-01  2.26387649e-03  7.18659129e-01
  3.05951665e-01  2.15544316e-03  7.20814572e-01
  3.06951031e-01  2.21098218e-03  7.23025555e-01
  3.07950398e-01  2.19114681e-03  7.25216701e-01
  3.08949765e-01  2.17527852e-03  7.27391980e-01
  3.09949131e-01  2.17395616e-03  7.29565936e-01
  3.10948498e-01  2.15544316e-03  7.31721379e-01
  3.11947864e-01  2.30619194e-03  7.34027571e-01
  3.12947231e-01  2.13031836e-03  7.36157890e-01
  3.13946598e-01  2.09593706e-03  7.38253827e-01
  3.14945964e-01  2.14089722e-03  7.40394724e-01
  3.15945331e-01  2.12370657e-03  7.42518430e-01
  3.16944698e-01  2.17924559e-03  7.44697676e-01
  3.17944064e-01  2.06948990e-03  7.46767166e-01
  3.18943431e-01  2.02320738e-03  7.48790373e-01
  3.19942797e-01  2.08535819e-03  7.50875731e-01
  3.20942164e-01  2.06023340e-03  7.52935965e-01
  3.21941531e-01  2.10916063e-03  7.55045125e-01
  3.22940897e-01  2.10387120e-03  7.57148997e-01
  3.23940264e-01  2.06816754e-03  7.59217164e-01
  3.24939631e-01  2.11048299e-03  7.61327647e-01
  3.25938997e-01  2.13164072e-03  7.63459288e-01
  3.26938364e-01  2.06023340e-03  7.65519521e-01
  3.27937730e-01  2.11445006e-03  7.67633971e-01
  3.28937097e-01  2.04039803e-03  7.69674369e-01
  3.29936464e-01  2.06948990e-03  7.71743859e-01
  3.30935830e-01  1.98882608e-03  7.73732685e-01
  3.31935197e-01  2.00733909e-03  7.75740024e-01
  3.32934564e-01  2.03775331e-03  7.77777778e-01
  3.33933930e-01  1.98618136e-03  7.79763959e-01
  3.34933297e-01  1.99411551e-03  7.81758075e-01
  3.35932663e-01  1.94651063e-03  7.83704585e-01
  3.36932030e-01  2.04039803e-03  7.85744983e-01
  3.37931397e-01  1.89890575e-03  7.87643889e-01
  3.38930763e-01  1.99808258e-03  7.89641972e-01
  3.39930130e-01  1.92403055e-03  7.91566002e-01
  3.40929497e-01  1.85659030e-03  7.93422592e-01
  3.41928863e-01  1.93857648e-03  7.95361169e-01
  3.42928230e-01  1.93196469e-03  7.97293134e-01
  3.43927596e-01  1.86187973e-03  7.99155013e-01
  3.44926963e-01  1.85394558e-03  8.01008959e-01
  3.45926330e-01  1.92006347e-03  8.02929022e-01
  3.46925696e-01  1.89626103e-03  8.04825283e-01
  3.47925063e-01  1.83411022e-03  8.06659394e-01
  3.48924430e-01  1.80634071e-03  8.08465734e-01
  3.49923796e-01  1.84072201e-03  8.10306456e-01
  3.50923163e-01  1.82485371e-03  8.12131310e-01
  3.51922529e-01  1.87510331e-03  8.14006413e-01
  3.52921896e-01  1.74551225e-03  8.15751926e-01
  3.53921263e-01  1.74418989e-03  8.17496116e-01
  3.54920629e-01  1.70716387e-03  8.19203279e-01
  3.55919996e-01  1.76666997e-03  8.20969949e-01
  3.56919363e-01  1.75212404e-03  8.22722073e-01
  3.57918729e-01  1.75344639e-03  8.24475520e-01
  3.58918096e-01  1.82749843e-03  8.26303018e-01
  3.59917462e-01  1.76799233e-03  8.28071011e-01
  3.60916829e-01  1.75080168e-03  8.29821812e-01
  3.61916196e-01  1.70187444e-03  8.31523687e-01
  3.62915562e-01  1.71906509e-03  8.33242752e-01
  3.63914929e-01  1.70716387e-03  8.34949916e-01
  3.64914296e-01  1.74418989e-03  8.36694106e-01
  3.65913662e-01  1.71642038e-03  8.38410526e-01
  3.66913029e-01  1.69261794e-03  8.40103144e-01
  3.67912395e-01  1.66220371e-03  8.41765348e-01
  3.68911762e-01  1.66617078e-03  8.43431518e-01
  3.69911129e-01  1.63046712e-03  8.45061986e-01
  3.70910495e-01  1.62385533e-03  8.46685841e-01
  3.71909862e-01  1.61988826e-03  8.48305729e-01
  3.72909229e-01  1.61856590e-03  8.49924295e-01
  3.73908595e-01  1.73757810e-03  8.51661873e-01
  3.74907962e-01  1.65162485e-03  8.53313498e-01
  3.75907328e-01  1.63972363e-03  8.54953222e-01
  3.76906695e-01  1.52335614e-03  8.56476578e-01
  3.77906062e-01  1.55905980e-03  8.58035638e-01
  3.78905428e-01  1.57889517e-03  8.59614533e-01
  3.79904795e-01  1.59079639e-03  8.61205329e-01
  3.80904162e-01  1.53393501e-03  8.62739264e-01
  3.81903528e-01  1.62650005e-03  8.64365764e-01
  3.82902895e-01  1.55509273e-03  8.65920857e-01
  3.83902261e-01  1.54715858e-03  8.67468015e-01
  3.84901628e-01  1.57757281e-03  8.69045588e-01
  3.85900995e-01  1.49558663e-03  8.70541175e-01
  3.86900361e-01  1.53525736e-03  8.72076432e-01
  3.87899728e-01  1.45459354e-03  8.73531026e-01
  3.88899094e-01  1.43872525e-03  8.74969751e-01
  3.89898461e-01  1.55773745e-03  8.76527489e-01
  3.90897828e-01  1.46252769e-03  8.77990016e-01
  3.91897194e-01  1.44401468e-03  8.79434031e-01
  3.92896561e-01  1.40434395e-03  8.80838375e-01
  3.93895928e-01  1.38583094e-03  8.82224206e-01
  3.94895294e-01  1.47839598e-03  8.83702602e-01
  3.95894661e-01  1.42417931e-03  8.85126781e-01
  3.96894027e-01  1.49161956e-03  8.86618401e-01
  3.97893394e-01  1.33293663e-03  8.87951337e-01
  3.98892761e-01  1.38847565e-03  8.89339813e-01
  3.99892127e-01  1.40698866e-03  8.90746802e-01
  4.00891494e-01  1.39112037e-03  8.92137922e-01
  4.01890861e-01  1.30516711e-03  8.93443089e-01
  4.02890227e-01  1.31839069e-03  8.94761480e-01
  4.03889594e-01  1.31706833e-03  8.96078548e-01
  4.04888960e-01  1.28136467e-03  8.97359913e-01
  4.05888327e-01  1.31971305e-03  8.98679626e-01
  4.06887694e-01  1.30384476e-03  8.99983471e-01
  4.07887060e-01  1.29458825e-03  9.01278059e-01
  4.08886427e-01  1.31442362e-03  9.02592482e-01
  4.09885794e-01  1.31177890e-03  9.03904261e-01
  4.10885160e-01  1.32368012e-03  9.05227941e-01
  4.11884527e-01  1.25623988e-03  9.06484181e-01
  4.12883893e-01  1.36996264e-03  9.07854144e-01
  4.13883260e-01  1.22450329e-03  9.09078647e-01
  4.14882627e-01  1.22582565e-03  9.10304473e-01
  4.15881993e-01  1.24037158e-03  9.11544844e-01
  4.16881360e-01  1.23111508e-03  9.12775960e-01
  4.17880727e-01  1.15574069e-03  9.13931700e-01
  4.18880093e-01  1.23508215e-03  9.15166782e-01
  4.19879460e-01  1.18483256e-03  9.16351615e-01
  4.20878826e-01  1.17557605e-03  9.17527191e-01
  4.21878193e-01  1.13326060e-03  9.18660452e-01
  4.22877560e-01  1.06978743e-03  9.19730239e-01
  4.23876926e-01  1.16499719e-03  9.20895236e-01
  4.24876293e-01  1.17557605e-03  9.22070812e-01
  4.25875660e-01  1.14251711e-03  9.23213329e-01
  4.26875026e-01  1.15309597e-03  9.24366425e-01
  4.27874393e-01  1.14383947e-03  9.25510265e-01
  4.28873759e-01  1.08830044e-03  9.26598565e-01
  4.29873126e-01  1.07772158e-03  9.27676287e-01
  4.30872493e-01  1.06317564e-03  9.28739462e-01
  4.31871859e-01  1.16896426e-03  9.29908427e-01
  4.32871226e-01  1.08697808e-03  9.30995405e-01
  4.33870593e-01  1.00763662e-03  9.32003041e-01
  4.34869959e-01  9.90445965e-04  9.32993487e-01
  4.35869326e-01  1.04598499e-03  9.34039472e-01
  4.36868692e-01  1.02747198e-03  9.35066944e-01
  4.37868059e-01  1.00631426e-03  9.36073259e-01
  4.38867426e-01  1.06582036e-03  9.37139079e-01
  4.39866792e-01  1.04862971e-03  9.38187709e-01
  4.40866159e-01  9.01847995e-04  9.39089557e-01
  4.41865526e-01  9.74577672e-04  9.40064134e-01
  4.42864892e-01  9.46808159e-04  9.41010943e-01
  4.43864259e-01  9.37551655e-04  9.41948494e-01
  4.44863625e-01  8.79367913e-04  9.42827862e-01
  4.45862992e-01  9.69288241e-04  9.43797150e-01
  4.46862359e-01  9.63998810e-04  9.44761149e-01
  4.47861725e-01  9.00525637e-04  9.45661675e-01
  4.48861092e-01  8.97880922e-04  9.46559556e-01
  4.49860459e-01  8.67466693e-04  9.47427022e-01
  4.50859825e-01  8.17217098e-04  9.48244239e-01
  4.51859192e-01  8.64821978e-04  9.49109061e-01
  4.52858558e-01  8.54243115e-04  9.49963305e-01
  4.53857925e-01  7.94737016e-04  9.50758042e-01
  4.54857292e-01  8.38374822e-04  9.51596416e-01
  4.55856658e-01  8.19861814e-04  9.52416278e-01
  4.56856025e-01  8.00026447e-04  9.53216305e-01
  4.57855392e-01  8.42341896e-04  9.54058647e-01
  4.58854758e-01  8.23828887e-04  9.54882475e-01
  4.59854125e-01  8.34407749e-04  9.55716883e-01
  4.60853491e-01  8.09282952e-04  9.56526166e-01
  4.61852858e-01  8.02671163e-04  9.57328837e-01
  4.62852225e-01  8.13250025e-04  9.58142087e-01
  4.63851591e-01  7.76224007e-04  9.58918311e-01
  4.64850958e-01  7.81513438e-04  9.59699825e-01
  4.65850325e-01  7.43165063e-04  9.60442990e-01
  4.66849691e-01  6.98204899e-04  9.61141195e-01
  4.67849058e-01  7.16717908e-04  9.61857913e-01
  4.68848424e-01  6.90270753e-04  9.62548183e-01
  4.69847791e-01  7.27296770e-04  9.63275480e-01
  4.70847158e-01  6.71757744e-04  9.63947238e-01
  4.71846524e-01  7.11428477e-04  9.64658666e-01
  4.72845891e-01  6.33409369e-04  9.65292076e-01
  4.73845258e-01  6.82336606e-04  9.65974412e-01
  4.74844624e-01  7.06139046e-04  9.66680551e-01
  4.75843991e-01  6.33409369e-04  9.67313961e-01
  4.76843357e-01  6.05639856e-04  9.67919601e-01
  4.77842724e-01  5.69936196e-04  9.68489537e-01
  4.78842091e-01  6.14896360e-04  9.69104433e-01
  4.79841457e-01  5.93738636e-04  9.69698172e-01
  4.80840824e-01  5.54067903e-04  9.70252240e-01
  4.81840190e-01  5.43489041e-04  9.70795729e-01
  4.82839557e-01  5.80515058e-04  9.71376244e-01
  4.83838924e-01  5.89771563e-04  9.71966015e-01
  4.84838290e-01  5.68613838e-04  9.72534629e-01
  4.85837657e-01  6.16218718e-04  9.73150848e-01
  4.86837024e-01  5.34232537e-04  9.73685080e-01
  4.87836390e-01  5.43489041e-04  9.74228570e-01
  4.88835757e-01  5.09107739e-04  9.74737677e-01
  4.89835123e-01  4.74726437e-04  9.75212404e-01
  4.90834490e-01  5.32910179e-04  9.75745314e-01
  4.91833857e-01  5.17041886e-04  9.76262356e-01
  4.92833223e-01  5.10430097e-04  9.76772786e-01
  4.93832590e-01  4.62825217e-04  9.77235611e-01
  4.94831957e-01  4.65469933e-04  9.77701081e-01
  4.95831323e-01  4.53568713e-04  9.78154650e-01
  4.96830690e-01  4.49601640e-04  9.78604251e-01
  4.97830056e-01  4.78693511e-04  9.79082945e-01
  4.98829423e-01  4.94561804e-04  9.79577507e-01
  4.99828790e-01  3.75549605e-04  9.79953056e-01
  5.00828156e-01  4.52246355e-04  9.80405303e-01
  5.01827523e-01  3.74227247e-04  9.80779530e-01
  5.02826890e-01  4.28443916e-04  9.81207974e-01
  5.03826256e-01  4.04641476e-04  9.81612615e-01
  5.04825623e-01  4.12575622e-04  9.82025191e-01
  5.05824989e-01  4.11253265e-04  9.82436444e-01
  5.06824356e-01  3.62326027e-04  9.82798770e-01
  5.07823723e-01  3.61003670e-04  9.83159774e-01
  5.08823089e-01  3.72904889e-04  9.83532679e-01
  5.09822456e-01  3.67615458e-04  9.83900294e-01
  5.10821823e-01  3.38523588e-04  9.84238818e-01
  5.11821189e-01  3.80839036e-04  9.84619657e-01
  5.12820556e-01  3.61003670e-04  9.84980661e-01
  5.13819922e-01  3.35878872e-04  9.85316539e-01
  5.14819289e-01  3.33234157e-04  9.85649774e-01
  5.15818656e-01  3.55714238e-04  9.86005488e-01
  5.16818022e-01  2.88273993e-04  9.86293762e-01
  5.17817389e-01  3.16043506e-04  9.86609805e-01
  5.18816756e-01  3.06787001e-04  9.86916592e-01
  5.19816122e-01  3.42490661e-04  9.87259083e-01
  5.20815489e-01  3.06787001e-04  9.87565870e-01
  5.21814855e-01  3.01497570e-04  9.87867368e-01
  5.22814222e-01  2.77695130e-04  9.88145063e-01
  5.23813589e-01  2.52570333e-04  9.88397633e-01
  5.24812955e-01  2.88273993e-04  9.88685907e-01
  5.25812322e-01  2.93563424e-04  9.88979470e-01
  5.26811689e-01  2.85629277e-04  9.89265100e-01
  5.27811055e-01  2.45958544e-04  9.89511058e-01
  5.28810422e-01  2.65793911e-04  9.89776852e-01
  5.29809788e-01  2.31412609e-04  9.90008265e-01
  5.30809155e-01  2.07610169e-04  9.90215875e-01
  5.31808522e-01  2.39346755e-04  9.90455222e-01
  5.32807888e-01  2.41991471e-04  9.90697213e-01
  5.33807255e-01  2.47280902e-04  9.90944494e-01
  5.34806622e-01  2.53892691e-04  9.91198387e-01
  5.35805988e-01  2.31412609e-04  9.91429799e-01
  5.36805355e-01  2.06287811e-04  9.91636087e-01
  5.37804721e-01  2.04965453e-04  9.91841053e-01
  5.38804088e-01  1.57360574e-04  9.91998413e-01
  5.39803455e-01  2.11577242e-04  9.92209990e-01
  5.40802821e-01  2.08932527e-04  9.92418923e-01
  5.41802188e-01  2.03643096e-04  9.92622566e-01
  5.42801555e-01  1.74551225e-04  9.92797117e-01
  5.43800921e-01  1.58682932e-04  9.92955800e-01
  5.44800288e-01  1.78518298e-04  9.93134318e-01
  5.45799654e-01  2.00998380e-04  9.93335317e-01
  5.46799021e-01  1.83807729e-04  9.93519125e-01
  5.47798388e-01  1.49426427e-04  9.93668551e-01
  5.48797754e-01  1.63972363e-04  9.93832523e-01
  5.49797121e-01  1.85130087e-04  9.94017653e-01
  5.50796488e-01  1.61327647e-04  9.94178981e-01
  5.51795854e-01  1.29591061e-04  9.94308572e-01
  5.52795221e-01  1.53393501e-04  9.94461966e-01
  5.53794587e-01  1.36202850e-04  9.94598169e-01
  5.54793954e-01  1.50748785e-04  9.94748917e-01
  5.55793321e-01  1.42814639e-04  9.94891732e-01
  5.56792687e-01  1.19012199e-04  9.95010744e-01
  5.57792054e-01  1.41492281e-04  9.95152236e-01
  5.58791421e-01  1.11078052e-04  9.95263314e-01
  5.59790787e-01  1.29591061e-04  9.95392906e-01
  5.60790154e-01  1.30913419e-04  9.95523819e-01
  5.61789520e-01  1.16367483e-04  9.95640186e-01
  5.62788887e-01  1.13722768e-04  9.95753909e-01
  5.63788254e-01  1.17689841e-04  9.95871599e-01
  5.64787620e-01  1.07110979e-04  9.95978710e-01
  5.65786987e-01  1.29591061e-04  9.96108301e-01
  5.66786353e-01  1.04466263e-04  9.96212767e-01
  5.67785720e-01  8.85979702e-05  9.96301365e-01
  5.68785087e-01  1.16367483e-04  9.96417733e-01
  5.69784453e-01  9.91768323e-05  9.96516910e-01
  5.70783820e-01  9.65321168e-05  9.96613442e-01
  5.71783187e-01  8.19861814e-05  9.96695428e-01
  5.72782553e-01  9.12426857e-05  9.96786671e-01
  5.73781920e-01  8.85979702e-05  9.96875269e-01
  5.74781286e-01  9.12426857e-05  9.96966511e-01
  5.75780653e-01  9.78544745e-05  9.97064366e-01
  5.76780020e-01  9.12426857e-05  9.97155608e-01
  5.77779386e-01  8.99203279e-05  9.97245529e-01
  5.78778753e-01  7.93414658e-05  9.97324870e-01
  5.79778120e-01  7.40520348e-05  9.97398922e-01
  5.80777486e-01  7.00849615e-05  9.97469007e-01
  5.81776853e-01  8.33085391e-05  9.97552316e-01
  5.82776219e-01  7.40520348e-05  9.97626368e-01
  5.83775586e-01  6.21508149e-05  9.97688519e-01
  5.84774953e-01  6.34731727e-05  9.97751992e-01
  5.85774319e-01  6.34731727e-05  9.97815465e-01
  5.86773686e-01  6.61178882e-05  9.97881583e-01
  5.87773053e-01  6.47955304e-05  9.97946378e-01
  5.88772419e-01  6.08284571e-05  9.98007207e-01
  5.89771786e-01  7.14073193e-05  9.98078614e-01
  5.90771152e-01  5.02495950e-05  9.98128864e-01
  5.91770519e-01  7.80191081e-05  9.98206883e-01
  5.92769886e-01  3.70260174e-05  9.98243909e-01
  5.93769252e-01  4.49601640e-05  9.98288869e-01
  5.94768619e-01  6.08284571e-05  9.98349698e-01
  5.95767986e-01  5.15719528e-05  9.98401269e-01
  5.96767352e-01  6.08284571e-05  9.98462098e-01
  5.97766719e-01  4.36378062e-05  9.98505736e-01
  5.98766085e-01  3.70260174e-05  9.98542762e-01
  5.99765452e-01  2.90918708e-05  9.98571854e-01
  6.00764819e-01  4.23154484e-05  9.98614169e-01
  6.01764185e-01  4.23154484e-05  9.98656485e-01
  6.02763552e-01  4.09930907e-05  9.98697478e-01
  6.03762919e-01  4.09930907e-05  9.98738471e-01
  6.04762285e-01  4.36378062e-05  9.98782108e-01
  6.05761652e-01  3.43813019e-05  9.98816490e-01
  6.06761018e-01  2.38024398e-05  9.98840292e-01
  6.07760385e-01  4.62825217e-05  9.98886575e-01
  6.08759752e-01  3.70260174e-05  9.98923601e-01
  6.09759118e-01  3.57036596e-05  9.98959304e-01
  6.10758485e-01  3.30589441e-05  9.98992363e-01
  6.11757852e-01  3.17365863e-05  9.99024100e-01
  6.12757218e-01  3.70260174e-05  9.99061126e-01
  6.13756585e-01  2.90918708e-05  9.99090218e-01
  6.14755951e-01  2.51247975e-05  9.99115343e-01
  6.15755318e-01  2.24800820e-05  9.99137823e-01
  6.16754685e-01  2.38024398e-05  9.99161625e-01
  6.17754051e-01  2.51247975e-05  9.99186750e-01
  6.18753418e-01  2.77695130e-05  9.99214519e-01
  6.19752785e-01  2.11577242e-05  9.99235677e-01
  6.20752151e-01  2.64471553e-05  9.99262124e-01
  6.21751518e-01  2.11577242e-05  9.99283282e-01
  6.22750884e-01  2.51247975e-05  9.99308407e-01
  6.23750251e-01  3.30589441e-05  9.99341466e-01
  6.24749618e-01  1.32235776e-05  9.99354689e-01
  6.25748984e-01  2.24800820e-05  9.99377169e-01
  6.26748351e-01  2.24800820e-05  9.99399650e-01
  6.27747718e-01  2.38024398e-05  9.99423452e-01
  6.28747084e-01  2.24800820e-05  9.99445932e-01
  6.29746451e-01  1.45459354e-05  9.99460478e-01
  6.30745817e-01  1.19012199e-05  9.99472379e-01
  6.31745184e-01  1.98353665e-05  9.99492215e-01
  6.32744551e-01  2.11577242e-05  9.99513372e-01
  6.33743917e-01  9.25650435e-06  9.99522629e-01
  6.34743284e-01  1.45459354e-05  9.99537175e-01
  6.35742651e-01  1.58682932e-05  9.99553043e-01
  6.36742017e-01  7.93414658e-06  9.99560977e-01
  6.37741384e-01  1.58682932e-05  9.99576846e-01
  6.38740750e-01  9.25650435e-06  9.99586102e-01
  6.39740117e-01  1.19012199e-05  9.99598003e-01
  6.40739484e-01  1.45459354e-05  9.99612549e-01
  6.41738850e-01  1.71906509e-05  9.99629740e-01
  6.42738217e-01  1.45459354e-05  9.99644286e-01
  6.43737584e-01  1.32235776e-05  9.99657509e-01
  6.44736950e-01  3.96707329e-06  9.99661476e-01
  6.45736317e-01  9.25650435e-06  9.99670733e-01
  6.46735683e-01  1.32235776e-05  9.99683956e-01
  6.47735050e-01  6.61178882e-06  9.99690568e-01
  6.48734417e-01  1.19012199e-05  9.99702470e-01
  6.49733783e-01  6.61178882e-06  9.99709081e-01
  6.50733150e-01  9.25650435e-06  9.99718338e-01
  6.51732517e-01  1.32235776e-05  9.99731561e-01
  6.52731883e-01  1.05788621e-05  9.99742140e-01
  6.53731250e-01  7.93414658e-06  9.99750074e-01
  6.54730616e-01  1.05788621e-05  9.99760653e-01
  6.55729983e-01  9.25650435e-06  9.99769910e-01
  6.56729350e-01  1.05788621e-05  9.99780489e-01
  6.57728716e-01  9.25650435e-06  9.99789745e-01
  6.58728083e-01  7.93414658e-06  9.99797679e-01
  6.59727449e-01  5.28943106e-06  9.99802969e-01
  6.60726816e-01  5.28943106e-06  9.99808258e-01
  6.61726183e-01  6.61178882e-06  9.99814870e-01
  6.62725549e-01  5.28943106e-06  9.99820159e-01
  6.63724916e-01  6.61178882e-06  9.99826771e-01
  6.64724283e-01  3.96707329e-06  9.99830738e-01
  6.65723649e-01  1.05788621e-05  9.99841317e-01
  6.66723016e-01  6.61178882e-06  9.99847929e-01
  6.67722382e-01  2.64471553e-06  9.99850574e-01
  6.68721749e-01  3.96707329e-06  9.99854541e-01
  6.69721116e-01  5.28943106e-06  9.99859830e-01
  6.70720482e-01  7.93414658e-06  9.99867764e-01
  6.71719849e-01  2.64471553e-06  9.99870409e-01
  6.72719216e-01  6.61178882e-06  9.99877021e-01
  6.73718582e-01  1.05788621e-05  9.99887600e-01
  6.74717949e-01  3.96707329e-06  9.99891567e-01
  6.75717315e-01  9.25650435e-06  9.99900823e-01
  6.76716682e-01  2.64471553e-06  9.99903468e-01
  6.77716049e-01  3.96707329e-06  9.99907435e-01
  6.78715415e-01  1.32235776e-06  9.99908757e-01
  6.79714782e-01  2.64471553e-06  9.99911402e-01
  6.80714149e-01  6.61178882e-06  9.99918014e-01
  6.81713515e-01  3.96707329e-06  9.99921981e-01
  6.82712882e-01  6.61178882e-06  9.99928593e-01
  6.83712248e-01  3.96707329e-06  9.99932560e-01
  6.84711615e-01  6.61178882e-06  9.99939172e-01
  6.85710982e-01  3.96707329e-06  9.99943139e-01
  6.86710348e-01  2.64471553e-06  9.99945783e-01
  6.87709715e-01  2.64471553e-06  9.99948428e-01
  6.88709082e-01  3.96707329e-06  9.99952395e-01
  6.89708448e-01  2.64471553e-06  9.99955040e-01
  6.90707815e-01  0.00000000e+00  9.99955040e-01
  6.91707181e-01  2.64471553e-06  9.99957685e-01
  6.92706548e-01  2.64471553e-06  9.99960329e-01
  6.93705915e-01  5.28943106e-06  9.99965619e-01
  6.94705281e-01  3.96707329e-06  9.99969586e-01
  6.95704648e-01  3.96707329e-06  9.99973553e-01
  6.96704015e-01  2.64471553e-06  9.99976198e-01
  6.97703381e-01  1.32235776e-06  9.99977520e-01
  6.98702748e-01  1.32235776e-06  9.99978842e-01
  6.99702114e-01  1.32235776e-06  9.99980165e-01
  7.00701481e-01  2.64471553e-06  9.99982809e-01
  7.01700848e-01  1.32235776e-06  9.99984132e-01
  7.02700214e-01  1.32235776e-06  9.99985454e-01
  7.03699581e-01  0.00000000e+00  9.99985454e-01
  7.04698948e-01  2.64471553e-06  9.99988099e-01
  7.05698314e-01  0.00000000e+00  9.99988099e-01
  7.06697681e-01  0.00000000e+00  9.99988099e-01
  7.07697047e-01  0.00000000e+00  9.99988099e-01
  7.08696414e-01  0.00000000e+00  9.99988099e-01
  7.09695781e-01  0.00000000e+00  9.99988099e-01
  7.10695147e-01  1.32235776e-06  9.99989421e-01
  7.11694514e-01  0.00000000e+00  9.99989421e-01
  7.12693881e-01  1.32235776e-06  9.99990743e-01
  7.13693247e-01  0.00000000e+00  9.99990743e-01
  7.14692614e-01  0.00000000e+00  9.99990743e-01
  7.15691980e-01  0.00000000e+00  9.99990743e-01
  7.16691347e-01  0.00000000e+00  9.99990743e-01
  7.17690714e-01  0.00000000e+00  9.99990743e-01
  7.18690080e-01  0.00000000e+00  9.99990743e-01
  7.19689447e-01  0.00000000e+00  9.99990743e-01
  7.20688814e-01  0.00000000e+00  9.99990743e-01
  7.21688180e-01  0.00000000e+00  9.99990743e-01
  7.22687547e-01  1.32235776e-06  9.99992066e-01
  7.23686913e-01  0.00000000e+00  9.99992066e-01
  7.24686280e-01  0.00000000e+00  9.99992066e-01
  7.25685647e-01  0.00000000e+00  9.99992066e-01
  7.26685013e-01  0.00000000e+00  9.99992066e-01
  7.27684380e-01  0.00000000e+00  9.99992066e-01
  7.28683747e-01  0.00000000e+00  9.99992066e-01
  7.29683113e-01  0.00000000e+00  9.99992066e-01
  7.30682480e-01  0.00000000e+00  9.99992066e-01
  7.31681846e-01  0.00000000e+00  9.99992066e-01
  7.32681213e-01  0.00000000e+00  9.99992066e-01
  7.33680580e-01  1.32235776e-06  9.99993388e-01
  7.34679946e-01  0.00000000e+00  9.99993388e-01
  7.35679313e-01  0.00000000e+00  9.99993388e-01
  7.36678680e-01  1.32235776e-06  9.99994711e-01
  7.37678046e-01  2.64471553e-06  9.99997355e-01
  7.38677413e-01  0.00000000e+00  9.99997355e-01
  7.39676779e-01  0.00000000e+00  9.99997355e-01
  7.40676146e-01  0.00000000e+00  9.99997355e-01
  7.41675513e-01  0.00000000e+00  9.99997355e-01
  7.42674879e-01  0.00000000e+00  9.99997355e-01
  7.43674246e-01  0.00000000e+00  9.99997355e-01
  7.44673612e-01  0.00000000e+00  9.99997355e-01
  7.45672979e-01  0.00000000e+00  9.99997355e-01
  7.46672346e-01  1.32235776e-06  9.99998678e-01
  7.47671712e-01  0.00000000e+00  9.99998678e-01
  7.48671079e-01  0.00000000e+00  9.99998678e-01
  7.49670446e-01  0.00000000e+00  9.99998678e-01
  7.50669812e-01  0.00000000e+00  9.99998678e-01
  7.51669179e-01  0.00000000e+00  9.99998678e-01
  7.52668545e-01  0.00000000e+00  9.99998678e-01
  7.53667912e-01  0.00000000e+00  9.99998678e-01
  7.54667279e-01  0.00000000e+00  9.99998678e-01
  7.55666645e-01  0.00000000e+00  9.99998678e-01
  7.56666012e-01  0.00000000e+00  9.99998678e-01
  7.57665379e-01  0.00000000e+00  9.99998678e-01
  7.58664745e-01  0.00000000e+00  9.99998678e-01
  7.59664112e-01  0.00000000e+00  9.99998678e-01
  7.60663478e-01  0.00000000e+00  9.99998678e-01
  7.61662845e-01  0.00000000e+00  9.99998678e-01
  7.62662212e-01  0.00000000e+00  9.99998678e-01
  7.63661578e-01  0.00000000e+00  9.99998678e-01
  7.64660945e-01  0.00000000e+00  9.99998678e-01
  7.65660312e-01  0.00000000e+00  9.99998678e-01
  7.66659678e-01  0.00000000e+00  9.99998678e-01
  7.67659045e-01  0.00000000e+00  9.99998678e-01
  7.68658411e-01  0.00000000e+00  9.99998678e-01
  7.69657778e-01  0.00000000e+00  9.99998678e-01
  7.70657145e-01  0.00000000e+00  9.99998678e-01
  7.71656511e-01  0.00000000e+00  9.99998678e-01
  7.72655878e-01  0.00000000e+00  9.99998678e-01
  7.73655245e-01  0.00000000e+00  9.99998678e-01
  7.74654611e-01  0.00000000e+00  9.99998678e-01
  7.75653978e-01  0.00000000e+00  9.99998678e-01
  7.76653344e-01  0.00000000e+00  9.99998678e-01
  7.77652711e-01  0.00000000e+00  9.99998678e-01
  7.78652078e-01  0.00000000e+00  9.99998678e-01
  7.79651444e-01  0.00000000e+00  9.99998678e-01
  7.80650811e-01  0.00000000e+00  9.99998678e-01
  7.81650178e-01  0.00000000e+00  9.99998678e-01
  7.82649544e-01  0.00000000e+00  9.99998678e-01
  7.83648911e-01  0.00000000e+00  9.99998678e-01
  7.84648277e-01  0.00000000e+00  9.99998678e-01
  7.85647644e-01  0.00000000e+00  9.99998678e-01
  7.86647011e-01  0.00000000e+00  9.99998678e-01
  7.87646377e-01  0.00000000e+00  9.99998678e-01
  7.88645744e-01  0.00000000e+00  9.99998678e-01
  7.89645111e-01  0.00000000e+00  9.99998678e-01
  7.90644477e-01  0.00000000e+00  9.99998678e-01
  7.91643844e-01  0.00000000e+00  9.99998678e-01
  7.92643210e-01  0.00000000e+00  9.99998678e-01
  7.93642577e-01  0.00000000e+00  9.99998678e-01
  7.94641944e-01  0.00000000e+00  9.99998678e-01
  7.95641310e-01  0.00000000e+00  9.99998678e-01
  7.96640677e-01  0.00000000e+00  9.99998678e-01
  7.97640044e-01  0.00000000e+00  9.99998678e-01
  7.98639410e-01  0.00000000e+00  9.99998678e-01
  7.99638777e-01  0.00000000e+00  9.99998678e-01
  8.00638143e-01  0.00000000e+00  9.99998678e-01
  8.01637510e-01  1.32235776e-06  1.00000000e+00
  8.02636877e-01  0.00000000e+00  1.00000000e+00
  8.03636243e-01  0.00000000e+00  1.00000000e+00
  8.04635610e-01  0.00000000e+00  1.00000000e+00
  8.05634977e-01  0.00000000e+00  1.00000000e+00
  8.06634343e-01  0.00000000e+00  1.00000000e+00
  8.07633710e-01  0.00000000e+00  1.00000000e+00
  8.08633076e-01  0.00000000e+00  1.00000000e+00
  8.09632443e-01  0.00000000e+00  1.00000000e+00
  8.10631810e-01  0.00000000e+00  1.00000000e+00
  8.11631176e-01  0.00000000e+00  1.00000000e+00
  8.12630543e-01  0.00000000e+00  1.00000000e+00
  8.13629910e-01  0.00000000e+00  1.00000000e+00
  8.14629276e-01  0.00000000e+00  1.00000000e+00
  8.15628643e-01  0.00000000e+00  1.00000000e+00
  8.16628009e-01  0.00000000e+00  1.00000000e+00
  8.17627376e-01  0.00000000e+00  1.00000000e+00
  8.18626743e-01  0.00000000e+00  1.00000000e+00
  8.19626109e-01  0.00000000e+00  1.00000000e+00
  8.20625476e-01  0.00000000e+00  1.00000000e+00
  8.21624843e-01  0.00000000e+00  1.00000000e+00
  8.22624209e-01  0.00000000e+00  1.00000000e+00
  8.23623576e-01  0.00000000e+00  1.00000000e+00
  8.24622942e-01  0.00000000e+00  1.00000000e+00
  8.25622309e-01  0.00000000e+00  1.00000000e+00
  8.26621676e-01  0.00000000e+00  1.00000000e+00
  8.27621042e-01  0.00000000e+00  1.00000000e+00
  8.28620409e-01  0.00000000e+00  1.00000000e+00
  8.29619775e-01  0.00000000e+00  1.00000000e+00
  8.30619142e-01  0.00000000e+00  1.00000000e+00
  8.31618509e-01  0.00000000e+00  1.00000000e+00
  8.32617875e-01  0.00000000e+00  1.00000000e+00
  8.33617242e-01  0.00000000e+00  1.00000000e+00
  8.34616609e-01  0.00000000e+00  1.00000000e+00
  8.35615975e-01  0.00000000e+00  1.00000000e+00
  8.36615342e-01  0.00000000e+00  1.00000000e+00
  8.37614708e-01  0.00000000e+00  1.00000000e+00
  8.38614075e-01  0.00000000e+00  1.00000000e+00
  8.39613442e-01  0.00000000e+00  1.00000000e+00
  8.40612808e-01  0.00000000e+00  1.00000000e+00
  8.41612175e-01  0.00000000e+00  1.00000000e+00
  8.42611542e-01  0.00000000e+00  1.00000000e+00
  8.43610908e-01  0.00000000e+00  1.00000000e+00
  8.44610275e-01  0.00000000e+00  1.00000000e+00
  8.45609641e-01  0.00000000e+00  1.00000000e+00
  8.46609008e-01  0.00000000e+00  1.00000000e+00
  8.47608375e-01  0.00000000e+00  1.00000000e+00
  8.48607741e-01  0.00000000e+00  1.00000000e+00
  8.49607108e-01  0.00000000e+00  1.00000000e+00
  8.50606475e-01  0.00000000e+00  1.00000000e+00
  8.51605841e-01  0.00000000e+00  1.00000000e+00
  8.52605208e-01  0.00000000e+00  1.00000000e+00
  8.53604574e-01  0.00000000e+00  1.00000000e+00
  8.54603941e-01  0.00000000e+00  1.00000000e+00
  8.55603308e-01  0.00000000e+00  1.00000000e+00
  8.56602674e-01  0.00000000e+00  1.00000000e+00
  8.57602041e-01  0.00000000e+00  1.00000000e+00
  8.58601408e-01  0.00000000e+00  1.00000000e+00
  8.59600774e-01  0.00000000e+00  1.00000000e+00
  8.60600141e-01  0.00000000e+00  1.00000000e+00
  8.61599507e-01  0.00000000e+00  1.00000000e+00
  8.62598874e-01  0.00000000e+00  1.00000000e+00
  8.63598241e-01  0.00000000e+00  1.00000000e+00
  8.64597607e-01  0.00000000e+00  1.00000000e+00
  8.65596974e-01  0.00000000e+00  1.00000000e+00
  8.66596341e-01  0.00000000e+00  1.00000000e+00
  8.67595707e-01  0.00000000e+00  1.00000000e+00
  8.68595074e-01  0.00000000e+00  1.00000000e+00
  8.69594440e-01  0.00000000e+00  1.00000000e+00
  8.70593807e-01  0.00000000e+00  1.00000000e+00
  8.71593174e-01  0.00000000e+00  1.00000000e+00
  8.72592540e-01  0.00000000e+00  1.00000000e+00
  8.73591907e-01  0.00000000e+00  1.00000000e+00
  8.74591274e-01  0.00000000e+00  1.00000000e+00
  8.75590640e-01  0.00000000e+00  1.00000000e+00
  8.76590007e-01  0.00000000e+00  1.00000000e+00
  8.77589373e-01  0.00000000e+00  1.00000000e+00
  8.78588740e-01  0.00000000e+00  1.00000000e+00
  8.79588107e-01  0.00000000e+00  1.00000000e+00
  8.80587473e-01  0.00000000e+00  1.00000000e+00
  8.81586840e-01  0.00000000e+00  1.00000000e+00
  8.82586207e-01  0.00000000e+00  1.00000000e+00
  8.83585573e-01  0.00000000e+00  1.00000000e+00
  8.84584940e-01  0.00000000e+00  1.00000000e+00
  8.85584306e-01  0.00000000e+00  1.00000000e+00
  8.86583673e-01  0.00000000e+00  1.00000000e+00
  8.87583040e-01  0.00000000e+00  1.00000000e+00
  8.88582406e-01  0.00000000e+00  1.00000000e+00
  8.89581773e-01  0.00000000e+00  1.00000000e+00
  8.90581140e-01  0.00000000e+00  1.00000000e+00
  8.91580506e-01  0.00000000e+00  1.00000000e+00
  8.92579873e-01  0.00000000e+00  1.00000000e+00
  8.93579239e-01  0.00000000e+00  1.00000000e+00
  8.94578606e-01  0.00000000e+00  1.00000000e+00
  8.95577973e-01  0.00000000e+00  1.00000000e+00
  8.96577339e-01  0.00000000e+00  1.00000000e+00
  8.97576706e-01  0.00000000e+00  1.00000000e+00
  8.98576073e-01  0.00000000e+00  1.00000000e+00
  8.99575439e-01  0.00000000e+00  1.00000000e+00
  9.00574806e-01  0.00000000e+00  1.00000000e+00
  9.01574172e-01  0.00000000e+00  1.00000000e+00
  9.02573539e-01  0.00000000e+00  1.00000000e+00
  9.03572906e-01  0.00000000e+00  1.00000000e+00
  9.04572272e-01  0.00000000e+00  1.00000000e+00
  9.05571639e-01  0.00000000e+00  1.00000000e+00
  9.06571006e-01  0.00000000e+00  1.00000000e+00
  9.07570372e-01  0.00000000e+00  1.00000000e+00
  9.08569739e-01  0.00000000e+00  1.00000000e+00
  9.09569105e-01  0.00000000e+00  1.00000000e+00
  9.10568472e-01  0.00000000e+00  1.00000000e+00
  9.11567839e-01  0.00000000e+00  1.00000000e+00
  9.12567205e-01  0.00000000e+00  1.00000000e+00
  9.13566572e-01  0.00000000e+00  1.00000000e+00
  9.14565939e-01  0.00000000e+00  1.00000000e+00
  9.15565305e-01  0.00000000e+00  1.00000000e+00
  9.16564672e-01  0.00000000e+00  1.00000000e+00
  9.17564038e-01  0.00000000e+00  1.00000000e+00
  9.18563405e-01  0.00000000e+00  1.00000000e+00
  9.19562772e-01  0.00000000e+00  1.00000000e+00
  9.20562138e-01  0.00000000e+00  1.00000000e+00
  9.21561505e-01  0.00000000e+00  1.00000000e+00
  9.22560871e-01  0.00000000e+00  1.00000000e+00
  9.23560238e-01  0.00000000e+00  1.00000000e+00
  9.24559605e-01  0.00000000e+00  1.00000000e+00
  9.25558971e-01  0.00000000e+00  1.00000000e+00
  9.26558338e-01  0.00000000e+00  1.00000000e+00
  9.27557705e-01  0.00000000e+00  1.00000000e+00
  9.28557071e-01  0.00000000e+00  1.00000000e+00
  9.29556438e-01  0.00000000e+00  1.00000000e+00
  9.30555804e-01  0.00000000e+00  1.00000000e+00
  9.31555171e-01  0.00000000e+00  1.00000000e+00
  9.32554538e-01  0.00000000e+00  1.00000000e+00
  9.33553904e-01  0.00000000e+00  1.00000000e+00
  9.34553271e-01  0.00000000e+00  1.00000000e+00
  9.35552638e-01  0.00000000e+00  1.00000000e+00
  9.36552004e-01  0.00000000e+00  1.00000000e+00
  9.37551371e-01  0.00000000e+00  1.00000000e+00
  9.38550737e-01  0.00000000e+00  1.00000000e+00
  9.39550104e-01  0.00000000e+00  1.00000000e+00
  9.40549471e-01  0.00000000e+00  1.00000000e+00
  9.41548837e-01  0.00000000e+00  1.00000000e+00
  9.42548204e-01  0.00000000e+00  1.00000000e+00
  9.43547571e-01  0.00000000e+00  1.00000000e+00
  9.44546937e-01  0.00000000e+00  1.00000000e+00
  9.45546304e-01  0.00000000e+00  1.00000000e+00
  9.46545670e-01  0.00000000e+00  1.00000000e+00
  9.47545037e-01  0.00000000e+00  1.00000000e+00
  9.48544404e-01  0.00000000e+00  1.00000000e+00
  9.49543770e-01  0.00000000e+00  1.00000000e+00
  9.50543137e-01  0.00000000e+00  1.00000000e+00
  9.51542504e-01  0.00000000e+00  1.00000000e+00
  9.52541870e-01  0.00000000e+00  1.00000000e+00
  9.53541237e-01  0.00000000e+00  1.00000000e+00
  9.54540603e-01  0.00000000e+00  1.00000000e+00
  9.55539970e-01  0.00000000e+00  1.00000000e+00
  9.56539337e-01  0.00000000e+00  1.00000000e+00
  9.57538703e-01  0.00000000e+00  1.00000000e+00
  9.58538070e-01  0.00000000e+00  1.00000000e+00
  9.59537437e-01  0.00000000e+00  1.00000000e+00
  9.60536803e-01  0.00000000e+00  1.00000000e+00
  9.61536170e-01  0.00000000e+00  1.00000000e+00
  9.62535536e-01  0.00000000e+00  1.00000000e+00
  9.63534903e-01  0.00000000e+00  1.00000000e+00
  9.64534270e-01  0.00000000e+00  1.00000000e+00
  9.65533636e-01  0.00000000e+00  1.00000000e+00
  9.66533003e-01  0.00000000e+00  1.00000000e+00
  9.67532370e-01  0.00000000e+00  1.00000000e+00
  9.68531736e-01  0.00000000e+00  1.00000000e+00
  9.69531103e-01  0.00000000e+00  1.00000000e+00
  9.70530469e-01  0.00000000e+00  1.00000000e+00
  9.71529836e-01  0.00000000e+00  1.00000000e+00
  9.72529203e-01  0.00000000e+00  1.00000000e+00
  9.73528569e-01  0.00000000e+00  1.00000000e+00
  9.74527936e-01  0.00000000e+00  1.00000000e+00
  9.75527303e-01  0.00000000e+00  1.00000000e+00
  9.76526669e-01  0.00000000e+00  1.00000000e+00
  9.77526036e-01  0.00000000e+00  1.00000000e+00
  9.78525402e-01  0.00000000e+00  1.00000000e+00
  9.79524769e-01  0.00000000e+00  1.00000000e+00
  9.80524136e-01  0.00000000e+00  1.00000000e+00
  9.81523502e-01  0.00000000e+00  1.00000000e+00
  9.82522869e-01  0.00000000e+00  1.00000000e+00
  9.83522236e-01  0.00000000e+00  1.00000000e+00
  9.84521602e-01  0.00000000e+00  1.00000000e+00
  9.85520969e-01  0.00000000e+00  1.00000000e+00
  9.86520335e-01  0.00000000e+00  1.00000000e+00
  9.87519702e-01  0.00000000e+00  1.00000000e+00
  9.88519069e-01  0.00000000e+00  1.00000000e+00
  9.89518435e-01  0.00000000e+00  1.00000000e+00
  9.90517802e-01  0.00000000e+00  1.00000000e+00
  9.91517169e-01  0.00000000e+00  1.00000000e+00
  9.92516535e-01  0.00000000e+00  1.00000000e+00
  9.93515902e-01  0.00000000e+00  1.00000000e+00
  9.94515268e-01  0.00000000e+00  1.00000000e+00
  9.95514635e-01  0.00000000e+00  1.00000000e+00
  9.96514002e-01  0.00000000e+00  1.00000000e+00
  9.97513368e-01  0.00000000e+00  1.00000000e+00
  9.98512735e-01  0.00000000e+00  1.00000000e+00
  9.99512102e-01  0.00000000e+00  1.00000000e+00
  1.00051147e+00  0.00000000e+00  1.00000000e+00
  1.00151083e+00  0.00000000e+00  1.00000000e+00
  1.00251020e+00  0.00000000e+00  1.00000000e+00
  1.00350957e+00  0.00000000e+00  1.00000000e+00
  1.00450893e+00  0.00000000e+00  1.00000000e+00
  1.00550830e+00  0.00000000e+00  1.00000000e+00
  1.00650767e+00  0.00000000e+00  1.00000000e+00
  1.00750703e+00  0.00000000e+00  1.00000000e+00
  1.00850640e+00  0.00000000e+00  1.00000000e+00
  1.00950577e+00  0.00000000e+00  1.00000000e+00
  1.01050513e+00  0.00000000e+00  1.00000000e+00
  1.01150450e+00  0.00000000e+00  1.00000000e+00
  1.01250387e+00  0.00000000e+00  1.00000000e+00
  1.01350323e+00  0.00000000e+00  1.00000000e+00
  1.01450260e+00  0.00000000e+00  1.00000000e+00
  1.01550197e+00  0.00000000e+00  1.00000000e+00
  1.01650133e+00  0.00000000e+00  1.00000000e+00
  1.01750070e+00  0.00000000e+00  1.00000000e+00
  1.01850007e+00  0.00000000e+00  1.00000000e+00
  1.01949943e+00  0.00000000e+00  1.00000000e+00
  1.02049880e+00  0.00000000e+00  1.00000000e+00
  1.02149817e+00  0.00000000e+00  1.00000000e+00
  1.02249753e+00  0.00000000e+00  1.00000000e+00
  1.02349690e+00  0.00000000e+00  1.00000000e+00
  1.02449627e+00  0.00000000e+00  1.00000000e+00
  1.02549563e+00  0.00000000e+00  1.00000000e+00
  1.02649500e+00  0.00000000e+00  1.00000000e+00
  1.02749437e+00  0.00000000e+00  1.00000000e+00
  1.02849373e+00  0.00000000e+00  1.00000000e+00
  1.02949310e+00  0.00000000e+00  1.00000000e+00
  1.03049247e+00  0.00000000e+00  1.00000000e+00
  1.03149183e+00  0.00000000e+00  1.00000000e+00
  1.03249120e+00  0.00000000e+00  1.00000000e+00
  1.03349057e+00  0.00000000e+00  1.00000000e+00
  1.03448993e+00  0.00000000e+00  1.00000000e+00
  1.03548930e+00  0.00000000e+00  1.00000000e+00
  1.03648867e+00  0.00000000e+00  1.00000000e+00
  1.03748803e+00  0.00000000e+00  1.00000000e+00
  1.03848740e+00  0.00000000e+00  1.00000000e+00
  1.03948677e+00  0.00000000e+00  1.00000000e+00
  1.04048613e+00  0.00000000e+00  1.00000000e+00
  1.04148550e+00  0.00000000e+00  1.00000000e+00
  1.04248487e+00  0.00000000e+00  1.00000000e+00
  1.04348423e+00  0.00000000e+00  1.00000000e+00
  1.04448360e+00  0.00000000e+00  1.00000000e+00
  1.04548297e+00  0.00000000e+00  1.00000000e+00
  1.04648233e+00  0.00000000e+00  1.00000000e+00
  1.04748170e+00  0.00000000e+00  1.00000000e+00
  1.04848107e+00  0.00000000e+00  1.00000000e+00
  1.04948043e+00  0.00000000e+00  1.00000000e+00
  1.05047980e+00  0.00000000e+00  1.00000000e+00
  1.05147917e+00  0.00000000e+00  1.00000000e+00
  1.05247853e+00  0.00000000e+00  1.00000000e+00
  1.05347790e+00  0.00000000e+00  1.00000000e+00
  1.05447727e+00  0.00000000e+00  1.00000000e+00
  1.05547663e+00  0.00000000e+00  1.00000000e+00
  1.05647600e+00  0.00000000e+00  1.00000000e+00
  1.05747537e+00  0.00000000e+00  1.00000000e+00
  1.05847473e+00  0.00000000e+00  1.00000000e+00
  1.05947410e+00  0.00000000e+00  1.00000000e+00
  1.06047347e+00  0.00000000e+00  1.00000000e+00
  1.06147283e+00  0.00000000e+00  1.00000000e+00
  1.06247220e+00  0.00000000e+00  1.00000000e+00
  1.06347157e+00  0.00000000e+00  1.00000000e+00
  1.06447093e+00  0.00000000e+00  1.00000000e+00
  1.06547030e+00  0.00000000e+00  1.00000000e+00
  1.06646967e+00  0.00000000e+00  1.00000000e+00
  1.06746903e+00  0.00000000e+00  1.00000000e+00
  1.06846840e+00  0.00000000e+00  1.00000000e+00
  1.06946777e+00  0.00000000e+00  1.00000000e+00
  1.07046713e+00  0.00000000e+00  1.00000000e+00
  1.07146650e+00  0.00000000e+00  1.00000000e+00
  1.07246587e+00  0.00000000e+00  1.00000000e+00
  1.07346523e+00  0.00000000e+00  1.00000000e+00
  1.07446460e+00  0.00000000e+00  1.00000000e+00
  1.07546396e+00  0.00000000e+00  1.00000000e+00
  1.07646333e+00  0.00000000e+00  1.00000000e+00
  1.07746270e+00  0.00000000e+00  1.00000000e+00
  1.07846206e+00  0.00000000e+00  1.00000000e+00
  1.07946143e+00  0.00000000e+00  1.00000000e+00
  1.08046080e+00  0.00000000e+00  1.00000000e+00
  1.08146016e+00  0.00000000e+00  1.00000000e+00
  1.08245953e+00  0.00000000e+00  1.00000000e+00
  1.08345890e+00  0.00000000e+00  1.00000000e+00
  1.08445826e+00  0.00000000e+00  1.00000000e+00
  1.08545763e+00  0.00000000e+00  1.00000000e+00
  1.08645700e+00  0.00000000e+00  1.00000000e+00
  1.08745636e+00  0.00000000e+00  1.00000000e+00
  1.08845573e+00  0.00000000e+00  1.00000000e+00
  1.08945510e+00  0.00000000e+00  1.00000000e+00
  1.09045446e+00  0.00000000e+00  1.00000000e+00
  1.09145383e+00  0.00000000e+00  1.00000000e+00
  1.09245320e+00  0.00000000e+00  1.00000000e+00
  1.09345256e+00  0.00000000e+00  1.00000000e+00
  1.09445193e+00  0.00000000e+00  1.00000000e+00
  1.09545130e+00  0.00000000e+00  1.00000000e+00
  1.09645066e+00  0.00000000e+00  1.00000000e+00
  1.09745003e+00  0.00000000e+00  1.00000000e+00
  1.09844940e+00  0.00000000e+00  1.00000000e+00
  1.09944876e+00  0.00000000e+00  1.00000000e+00
  1.10044813e+00  0.00000000e+00  1.00000000e+00
  1.10144750e+00  0.00000000e+00  1.00000000e+00
  1.10244686e+00  0.00000000e+00  1.00000000e+00
  1.10344623e+00  0.00000000e+00  1.00000000e+00
  1.10444560e+00  0.00000000e+00  1.00000000e+00
  1.10544496e+00  0.00000000e+00  1.00000000e+00
  1.10644433e+00  0.00000000e+00  1.00000000e+00
  1.10744370e+00  0.00000000e+00  1.00000000e+00
  1.10844306e+00  0.00000000e+00  1.00000000e+00
  1.10944243e+00  0.00000000e+00  1.00000000e+00
  1.11044180e+00  0.00000000e+00  1.00000000e+00
  1.11144116e+00  0.00000000e+00  1.00000000e+00
  1.11244053e+00  0.00000000e+00  1.00000000e+00
  1.11343990e+00  0.00000000e+00  1.00000000e+00
  1.11443926e+00  0.00000000e+00  1.00000000e+00
  1.11543863e+00  0.00000000e+00  1.00000000e+00
  1.11643800e+00  0.00000000e+00  1.00000000e+00
  1.11743736e+00  0.00000000e+00  1.00000000e+00
  1.11843673e+00  0.00000000e+00  1.00000000e+00
  1.11943610e+00  0.00000000e+00  1.00000000e+00
  1.12043546e+00  0.00000000e+00  1.00000000e+00
  1.12143483e+00  0.00000000e+00  1.00000000e+00
  1.12243420e+00  0.00000000e+00  1.00000000e+00
  1.12343356e+00  0.00000000e+00  1.00000000e+00
  1.12443293e+00  0.00000000e+00  1.00000000e+00
  1.12543230e+00  0.00000000e+00  1.00000000e+00
  1.12643166e+00  0.00000000e+00  1.00000000e+00
  1.12743103e+00  0.00000000e+00  1.00000000e+00
  1.12843040e+00  0.00000000e+00  1.00000000e+00
  1.12942976e+00  0.00000000e+00  1.00000000e+00
  1.13042913e+00  0.00000000e+00  1.00000000e+00
  1.13142850e+00  0.00000000e+00  1.00000000e+00
  1.13242786e+00  0.00000000e+00  1.00000000e+00
  1.13342723e+00  0.00000000e+00  1.00000000e+00
  1.13442660e+00  0.00000000e+00  1.00000000e+00
