 -8.28170030e-01  0.00000000e+00  0.00000000e+00
 -8.27170663e-01  1.32567271e-06  1.32567271e-06
 -8.26171296e-01  0.00000000e+00  1.32567271e-06
 -8.25171930e-01  0.00000000e+00  1.32567271e-06
 -8.24172563e-01  0.00000000e+00  1.32567271e-06
 -8.23173197e-01  0.00000000e+00  1.32567271e-06
 -8.22173830e-01  0.00000000e+00  1.32567271e-06
 -8.21174463e-01  0.00000000e+00  1.32567271e-06
 -8.20175097e-01  0.00000000e+00  1.32567271e-06
 -8.19175730e-01  0.00000000e+00  1.32567271e-06
 -8.18176363e-01  0.00000000e+00  1.32567271e-06
 -8.17176997e-01  0.00000000e+00  1.32567271e-06
 -8.16177630e-01  0.00000000e+00  1.32567271e-06
 -8.15178264e-01  0.00000000e+00  1.32567271e-06
 -8.14178897e-01  0.00000000e+00  1.32567271e-06
 -8.13179530e-01  0.00000000e+00  1.32567271e-06
 -8.12180164e-01  0.00000000e+00  1.32567271e-06
 -8.11180797e-01  0.00000000e+00  1.32567271e-06
 -8.10181430e-01  0.00000000e+00  1.32567271e-06
 -8.09182064e-01  0.00000000e+00  1.32567271e-06
 -8.08182697e-01  0.00000000e+00  1.32567271e-06
 -8.07183331e-01  0.00000000e+00  1.32567271e-06
 -8.06183964e-01  0.00000000e+00  1.32567271e-06
 -8.05184597e-01  0.00000000e+00  1.32567271e-06
 -8.04185231e-01  0.00000000e+00  1.32567271e-06
 -8.03185864e-01  1.32567271e-06  2.65134543e-06
 -8.02186497e-01  0.00000000e+00  2.65134543e-06
 -8.01187131e-01  0.00000000e+00  2.65134543e-06
 -8.00187764e-01  0.00000000e+00  2.65134543e-06
 -7.99188398e-01  0.00000000e+00  2.65134543e-06
 -7.98189031e-01  0.00000000e+00  2.65134543e-06
 -7.97189664e-01  0.00000000e+00  2.65134543e-06
 -7.96190298e-01  0.00000000e+00  2.65134543e-06
 -7.95190931e-01  0.00000000e+00  2.65134543e-06
 -7.94191564e-01  0.00000000e+00  2.65134543e-06
 -7.93192198e-01  0.00000000e+00  2.65134543e-06
 -7.92192831e-01  0.00000000e+00  2.65134543e-06
 -7.91193465e-01  0.00000000e+00  2.65134543e-06
 -7.90194098e-01  0.00000000e+00  2.65134543e-06
 -7.89194731e-01  0.00000000e+00  2.65134543e-06
 -7.88195365e-01  0.00000000e+00  2.65134543e-06
 -7.87195998e-01  0.00000000e+00  2.65134543e-06
 -7.86196631e-01  1.32567271e-06  3.97701814e-06
 -7.85197265e-01  0.00000000e+00  3.97701814e-06
 -7.84197898e-01  0.00000000e+00  3.97701814e-06
 -7.83198532e-01  2.65134543e-06  6.62836356e-06
 -7.82199165e-01  0.00000000e+00  6.62836356e-06
 -7.81199798e-01  0.00000000e+00  6.62836356e-06
 -7.80200432e-01  0.00000000e+00  6.62836356e-06
 -7.79201065e-01  0.00000000e+00  6.62836356e-06
 -7.78201699e-01  0.00000000e+00  6.62836356e-06
 -7.77202332e-01  0.00000000e+00  6.62836356e-06
 -7.76202965e-01  0.00000000e+00  6.62836356e-06
 -7.75203599e-01  0.00000000e+00  6.62836356e-06
 -7.74204232e-01  0.00000000e+00  6.62836356e-06
 -7.73204865e-01  0.00000000e+00  6.62836356e-06
 -7.72205499e-01  2.65134543e-06  9.27970899e-06
 -7.71206132e-01  0.00000000e+00  9.27970899e-06
 -7.70206766e-01  0.00000000e+00  9.27970899e-06
 -7.69207399e-01  0.00000000e+00  9.27970899e-06
 -7.68208032e-01  0.00000000e+00  9.27970899e-06
 -7.67208666e-01  1.32567271e-06  1.06053817e-05
 -7.66209299e-01  0.00000000e+00  1.06053817e-05
 -7.65209932e-01  0.00000000e+00  1.06053817e-05
 -7.64210566e-01  2.65134543e-06  1.32567271e-05
 -7.63211199e-01  0.00000000e+00  1.32567271e-05
 -7.62211833e-01  1.32567271e-06  1.45823998e-05
 -7.61212466e-01  2.65134543e-06  1.72337453e-05
 -7.60213099e-01  0.00000000e+00  1.72337453e-05
 -7.59213733e-01  1.32567271e-06  1.85594180e-05
 -7.58214366e-01  2.65134543e-06  2.12107634e-05
 -7.57214999e-01  0.00000000e+00  2.12107634e-05
 -7.56215633e-01  3.97701814e-06  2.51877815e-05
 -7.55216266e-01  1.32567271e-06  2.65134543e-05
 -7.54216900e-01  1.32567271e-06  2.78391270e-05
 -7.53217533e-01  0.00000000e+00  2.78391270e-05
 -7.52218166e-01  0.00000000e+00  2.78391270e-05
 -7.51218800e-01  1.32567271e-06  2.91647997e-05
 -7.50219433e-01  2.65134543e-06  3.18161451e-05
 -7.49220066e-01  2.65134543e-06  3.44674905e-05
 -7.48220700e-01  0.00000000e+00  3.44674905e-05
 -7.47221333e-01  0.00000000e+00  3.44674905e-05
 -7.46221967e-01  1.32567271e-06  3.57931632e-05
 -7.45222600e-01  1.32567271e-06  3.71188360e-05
 -7.44223233e-01  2.65134543e-06  3.97701814e-05
 -7.43223867e-01  1.32567271e-06  4.10958541e-05
 -7.42224500e-01  1.32567271e-06  4.24215268e-05
 -7.41225133e-01  0.00000000e+00  4.24215268e-05
 -7.40225767e-01  1.32567271e-06  4.37471995e-05
 -7.39226400e-01  2.65134543e-06  4.63985449e-05
 -7.38227034e-01  0.00000000e+00  4.63985449e-05
 -7.37227667e-01  0.00000000e+00  4.63985449e-05
 -7.36228300e-01  0.00000000e+00  4.63985449e-05
 -7.35228934e-01  0.00000000e+00  4.63985449e-05
 -7.34229567e-01  3.97701814e-06  5.03755631e-05
 -7.33230200e-01  1.32567271e-06  5.17012358e-05
 -7.32230834e-01  0.00000000e+00  5.17012358e-05
 -7.31231467e-01  0.00000000e+00  5.17012358e-05
 -7.30232101e-01  0.00000000e+00  5.17012358e-05
 -7.29232734e-01  3.97701814e-06  5.56782539e-05
 -7.28233367e-01  2.65134543e-06  5.83295994e-05
 -7.27234001e-01  0.00000000e+00  5.83295994e-05
 -7.26234634e-01  2.65134543e-06  6.09809448e-05
 -7.25235267e-01  1.32567271e-06  6.23066175e-05
 -7.24235901e-01  0.00000000e+00  6.23066175e-05
 -7.23236534e-01  1.32567271e-06  6.36322902e-05
 -7.22237168e-01  2.65134543e-06  6.62836356e-05
 -7.21237801e-01  2.65134543e-06  6.89349811e-05
 -7.20238434e-01  0.00000000e+00  6.89349811e-05
 -7.19239068e-01  2.65134543e-06  7.15863265e-05
 -7.18239701e-01  0.00000000e+00  7.15863265e-05
 -7.17240334e-01  0.00000000e+00  7.15863265e-05
 -7.16240968e-01  1.32567271e-06  7.29119992e-05
 -7.15241601e-01  2.65134543e-06  7.55633446e-05
 -7.14242235e-01  2.65134543e-06  7.82146900e-05
 -7.13242868e-01  5.30269085e-06  8.35173809e-05
 -7.12243501e-01  3.97701814e-06  8.74943990e-05
 -7.11244135e-01  2.65134543e-06  9.01457445e-05
 -7.10244768e-01  7.95403628e-06  9.80997807e-05
 -7.09245401e-01  1.32567271e-06  9.94254534e-05
 -7.08246035e-01  5.30269085e-06  1.04728144e-04
 -7.07246668e-01  5.30269085e-06  1.10030835e-04
 -7.06247302e-01  3.97701814e-06  1.14007853e-04
 -7.05247935e-01  5.30269085e-06  1.19310544e-04
 -7.04248568e-01  9.27970899e-06  1.28590253e-04
 -7.03249202e-01  5.30269085e-06  1.33892944e-04
 -7.02249835e-01  3.97701814e-06  1.37869962e-04
 -7.01250468e-01  9.27970899e-06  1.47149671e-04
 -7.00251102e-01  9.27970899e-06  1.56429380e-04
 -6.99251735e-01  2.65134543e-06  1.59080726e-04
 -6.98252369e-01  5.30269085e-06  1.64383416e-04
 -6.97253002e-01  2.65134543e-06  1.67034762e-04
 -6.96253635e-01  5.30269085e-06  1.72337453e-04
 -6.95254269e-01  3.97701814e-06  1.76314471e-04
 -6.94254902e-01  2.65134543e-06  1.78965816e-04
 -6.93255536e-01  5.30269085e-06  1.84268507e-04
 -6.92256169e-01  2.65134543e-06  1.86919852e-04
 -6.91256802e-01  2.65134543e-06  1.89571198e-04
 -6.90257436e-01  2.65134543e-06  1.92222543e-04
 -6.89258069e-01  6.62836356e-06  1.98850907e-04
 -6.88258702e-01  7.95403628e-06  2.06804943e-04
 -6.87259336e-01  9.27970899e-06  2.16084652e-04
 -6.86259969e-01  7.95403628e-06  2.24038688e-04
 -6.85260603e-01  6.62836356e-06  2.30667052e-04
 -6.84261236e-01  5.30269085e-06  2.35969743e-04
 -6.83261869e-01  5.30269085e-06  2.41272434e-04
 -6.82262503e-01  3.97701814e-06  2.45249452e-04
 -6.81263136e-01  3.97701814e-06  2.49226470e-04
 -6.80263769e-01  6.62836356e-06  2.55854834e-04
 -6.79264403e-01  1.06053817e-05  2.66460215e-04
 -6.78265036e-01  6.62836356e-06  2.73088579e-04
 -6.77265670e-01  1.06053817e-05  2.83693961e-04
 -6.76266303e-01  7.95403628e-06  2.91647997e-04
 -6.75266936e-01  2.65134543e-06  2.94299342e-04
 -6.74267570e-01  3.97701814e-06  2.98276360e-04
 -6.73268203e-01  1.06053817e-05  3.08881742e-04
 -6.72268836e-01  6.62836356e-06  3.15510106e-04
 -6.71269470e-01  3.97701814e-06  3.19487124e-04
 -6.70270103e-01  1.59080726e-05  3.35395196e-04
 -6.69270737e-01  2.65134543e-06  3.38046542e-04
 -6.68271370e-01  7.95403628e-06  3.46000578e-04
 -6.67272003e-01  1.32567271e-05  3.59257305e-04
 -6.66272637e-01  7.95403628e-06  3.67211341e-04
 -6.65273270e-01  6.62836356e-06  3.73839705e-04
 -6.64273903e-01  5.30269085e-06  3.79142396e-04
 -6.63274537e-01  1.72337453e-05  3.96376141e-04
 -6.62275170e-01  9.27970899e-06  4.05655850e-04
 -6.61275804e-01  7.95403628e-06  4.13609886e-04
 -6.60276437e-01  1.45823998e-05  4.28192286e-04
 -6.59277070e-01  1.45823998e-05  4.42774686e-04
 -6.58277704e-01  1.32567271e-05  4.56031413e-04
 -6.57278337e-01  7.95403628e-06  4.63985449e-04
 -6.56278970e-01  1.32567271e-05  4.77242177e-04
 -6.55279604e-01  1.32567271e-05  4.90498904e-04
 -6.54280237e-01  7.95403628e-06  4.98452940e-04
 -6.53280871e-01  1.45823998e-05  5.13035340e-04
 -6.52281504e-01  1.32567271e-05  5.26292067e-04
 -6.51282137e-01  9.27970899e-06  5.35571776e-04
 -6.50282771e-01  1.45823998e-05  5.50154176e-04
 -6.49283404e-01  1.32567271e-05  5.63410903e-04
 -6.48284037e-01  3.97701814e-06  5.67387921e-04
 -6.47284671e-01  1.45823998e-05  5.81970321e-04
 -6.46285304e-01  9.27970899e-06  5.91250030e-04
 -6.45285938e-01  1.98850907e-05  6.11135121e-04
 -6.44286571e-01  1.19310544e-05  6.23066175e-04
 -6.43287204e-01  1.19310544e-05  6.34997229e-04
 -6.42287838e-01  2.12107634e-05  6.56207993e-04
 -6.41288471e-01  1.19310544e-05  6.68139047e-04
 -6.40289104e-01  1.19310544e-05  6.80070102e-04
 -6.39289738e-01  1.72337453e-05  6.97303847e-04
 -6.38290371e-01  1.85594180e-05  7.15863265e-04
 -6.37291005e-01  1.32567271e-05  7.29119992e-04
 -6.36291638e-01  7.95403628e-06  7.37074028e-04
 -6.35292271e-01  1.98850907e-05  7.56959119e-04
 -6.34292905e-01  1.45823998e-05  7.71541519e-04
 -6.33293538e-01  2.25364361e-05  7.94077955e-04
 -6.32294171e-01  1.19310544e-05  8.06009009e-04
 -6.31294805e-01  1.85594180e-05  8.24568427e-04
 -6.30295438e-01  1.72337453e-05  8.41802173e-04
 -6.29296072e-01  1.45823998e-05  8.56384572e-04
 -6.28296705e-01  9.27970899e-06  8.65664281e-04
 -6.27297338e-01  2.12107634e-05  8.86875045e-04
 -6.26297972e-01  1.59080726e-05  9.02783117e-04
 -6.25298605e-01  1.72337453e-05  9.20016863e-04
 -6.24299238e-01  1.98850907e-05  9.39901953e-04
 -6.23299872e-01  1.45823998e-05  9.54484353e-04
 -6.22300505e-01  1.45823998e-05  9.69066753e-04
 -6.21301139e-01  3.04904724e-05  9.99557225e-04
 -6.20301772e-01  2.78391270e-05  1.02739635e-03
 -6.19302405e-01  1.85594180e-05  1.04595577e-03
 -6.18303039e-01  1.98850907e-05  1.06584086e-03
 -6.17303672e-01  3.18161451e-05  1.09765701e-03
 -6.16304305e-01  3.04904724e-05  1.12814748e-03
 -6.15304939e-01  3.31418178e-05  1.16128930e-03
 -6.14305572e-01  1.72337453e-05  1.17852304e-03
 -6.13306206e-01  2.12107634e-05  1.19973380e-03
 -6.12306839e-01  1.45823998e-05  1.21431620e-03
 -6.11307472e-01  2.78391270e-05  1.24215533e-03
 -6.10308106e-01  3.31418178e-05  1.27529715e-03
 -6.09308739e-01  4.10958541e-05  1.31639300e-03
 -6.08309373e-01  3.04904724e-05  1.34688348e-03
 -6.07310006e-01  2.12107634e-05  1.36809424e-03
 -6.06310639e-01  2.65134543e-05  1.39460769e-03
 -6.05311273e-01  3.31418178e-05  1.42774951e-03
 -6.04311906e-01  2.91647997e-05  1.45691431e-03
 -6.03312539e-01  2.12107634e-05  1.47812507e-03
 -6.02313173e-01  4.10958541e-05  1.51922093e-03
 -6.01313806e-01  2.51877815e-05  1.54440871e-03
 -6.00314440e-01  3.44674905e-05  1.57887620e-03
 -5.99315073e-01  2.78391270e-05  1.60671533e-03
 -5.98315706e-01  2.78391270e-05  1.63455445e-03
 -5.97316340e-01  5.17012358e-05  1.68625569e-03
 -5.96316973e-01  3.04904724e-05  1.71674616e-03
 -5.95317606e-01  3.04904724e-05  1.74723664e-03
 -5.94318240e-01  3.44674905e-05  1.78170413e-03
 -5.93318873e-01  2.25364361e-05  1.80424056e-03
 -5.92319507e-01  3.44674905e-05  1.83870805e-03
 -5.91320140e-01  2.78391270e-05  1.86654718e-03
 -5.90320773e-01  3.31418178e-05  1.89968900e-03
 -5.89321407e-01  3.04904724e-05  1.93017947e-03
 -5.88322040e-01  4.63985449e-05  1.97657801e-03
 -5.87322673e-01  3.31418178e-05  2.00971983e-03
 -5.86323307e-01  2.91647997e-05  2.03888463e-03
 -5.85323940e-01  2.65134543e-05  2.06539809e-03
 -5.84324574e-01  3.18161451e-05  2.09721423e-03
 -5.83325207e-01  3.57931632e-05  2.13300739e-03
 -5.82325840e-01  5.70039266e-05  2.19001132e-03
 -5.81326474e-01  5.17012358e-05  2.24171256e-03
 -5.80327107e-01  3.71188360e-05  2.27883139e-03
 -5.79327740e-01  3.97701814e-05  2.31860157e-03
 -5.78328374e-01  3.44674905e-05  2.35306906e-03
 -5.77329007e-01  4.37471995e-05  2.39681626e-03
 -5.76329641e-01  6.36322902e-05  2.46044855e-03
 -5.75330274e-01  5.03755631e-05  2.51082412e-03
 -5.74330907e-01  3.57931632e-05  2.54661728e-03
 -5.73331541e-01  4.24215268e-05  2.58903881e-03
 -5.72332174e-01  5.96552721e-05  2.64869408e-03
 -5.71332807e-01  5.56782539e-05  2.70437233e-03
 -5.70333441e-01  5.83295994e-05  2.76270193e-03
 -5.69334074e-01  5.96552721e-05  2.82235721e-03
 -5.68334708e-01  5.43525812e-05  2.87670979e-03
 -5.67335341e-01  5.17012358e-05  2.92841102e-03
 -5.66335974e-01  4.63985449e-05  2.97480957e-03
 -5.65336608e-01  5.17012358e-05  3.02651080e-03
 -5.64337241e-01  6.09809448e-05  3.08749175e-03
 -5.63337874e-01  6.09809448e-05  3.14847269e-03
 -5.62338508e-01  5.70039266e-05  3.20547662e-03
 -5.61339141e-01  5.03755631e-05  3.25585218e-03
 -5.60339775e-01  5.56782539e-05  3.31153044e-03
 -5.59340408e-01  8.08660355e-05  3.39239647e-03
 -5.58341041e-01  6.76093083e-05  3.46000578e-03
 -5.57341675e-01  6.76093083e-05  3.52761509e-03
 -5.56342308e-01  6.09809448e-05  3.58859603e-03
 -5.55342941e-01  7.02606538e-05  3.65885669e-03
 -5.54343575e-01  7.68890173e-05  3.73574570e-03
 -5.53344208e-01  6.49579629e-05  3.80070367e-03
 -5.52344842e-01  8.08660355e-05  3.88156970e-03
 -5.51345475e-01  7.02606538e-05  3.95183036e-03
 -5.50346108e-01  7.02606538e-05  4.02209101e-03
 -5.49346742e-01  8.35173809e-05  4.10560839e-03
 -5.48347375e-01  6.49579629e-05  4.17056635e-03
 -5.47348008e-01  8.35173809e-05  4.25408373e-03
 -5.46348642e-01  6.76093083e-05  4.32169304e-03
 -5.45349275e-01  6.89349811e-05  4.39062802e-03
 -5.44349909e-01  7.55633446e-05  4.46619137e-03
 -5.43350542e-01  6.62836356e-05  4.53247500e-03
 -5.42351175e-01  7.29119992e-05  4.60538700e-03
 -5.41351809e-01  8.74943990e-05  4.69288140e-03
 -5.40352442e-01  8.48430536e-05  4.77772446e-03
 -5.39353075e-01  7.42376719e-05  4.85196213e-03
 -5.38353709e-01  7.29119992e-05  4.92487413e-03
 -5.37354342e-01  9.27970899e-05  5.01767122e-03
 -5.36354976e-01  9.27970899e-05  5.11046831e-03
 -5.35355609e-01  7.29119992e-05  5.18338031e-03
 -5.34356242e-01  1.00751126e-04  5.28413143e-03
 -5.33356876e-01  8.35173809e-05  5.36764881e-03
 -5.32357509e-01  8.35173809e-05  5.45116619e-03
 -5.31358142e-01  9.14714172e-05  5.54263761e-03
 -5.30358776e-01  8.48430536e-05  5.62748067e-03
 -5.29359409e-01  1.03402472e-04  5.73088314e-03
 -5.28360043e-01  9.41227626e-05  5.82500590e-03
 -5.27360676e-01  9.80997807e-05  5.92310568e-03
 -5.26361309e-01  8.74943990e-05  6.01060008e-03
 -5.25361943e-01  9.94254534e-05  6.11002553e-03
 -5.24362576e-01  9.94254534e-05  6.20945099e-03
 -5.23363209e-01  1.02076799e-04  6.31152778e-03
 -5.22363843e-01  8.74943990e-05  6.39902218e-03
 -5.21364476e-01  1.10030835e-04  6.50905302e-03
 -5.20365110e-01  9.01457445e-05  6.59919876e-03
 -5.19365743e-01  9.80997807e-05  6.69729854e-03
 -5.18366376e-01  1.15333526e-04  6.81263207e-03
 -5.17367010e-01  1.20636217e-04  6.93326829e-03
 -5.16367643e-01  1.27264580e-04  7.06053287e-03
 -5.15368277e-01  1.41846980e-04  7.20237985e-03
 -5.14368910e-01  9.80997807e-05  7.30047963e-03
 -5.13369543e-01  1.20636217e-04  7.42111585e-03
 -5.12370177e-01  1.49801017e-04  7.57091686e-03
 -5.11370810e-01  1.35218617e-04  7.70613548e-03
 -5.10371443e-01  1.19310544e-04  7.82544602e-03
 -5.09372077e-01  1.41846980e-04  7.96729300e-03
 -5.08372710e-01  1.33892944e-04  8.10118595e-03
 -5.07373344e-01  1.25938908e-04  8.22712485e-03
 -5.06373977e-01  1.24613235e-04  8.35173809e-03
 -5.05374610e-01  1.07379490e-04  8.45911758e-03
 -5.04375244e-01  1.40521308e-04  8.59963889e-03
 -5.03375877e-01  1.40521308e-04  8.74016019e-03
 -5.02376510e-01  1.47149671e-04  8.88730987e-03
 -5.01377144e-01  1.53778035e-04  9.04108790e-03
 -5.00377777e-01  1.64383416e-04  9.20547132e-03
 -4.99378411e-01  1.47149671e-04  9.35262099e-03
 -4.98379044e-01  1.33892944e-04  9.48651393e-03
 -4.97379677e-01  1.51126689e-04  9.63764062e-03
 -4.96380311e-01  1.45823998e-04  9.78346462e-03
 -4.95380944e-01  1.77640143e-04  9.96110476e-03
 -4.94381577e-01  1.61732071e-04  1.01228368e-02
 -4.93382211e-01  1.55103707e-04  1.02779405e-02
 -4.92382844e-01  1.47149671e-04  1.04250902e-02
 -4.91383478e-01  1.65709089e-04  1.05907993e-02
 -4.90384111e-01  1.73663125e-04  1.07644624e-02
 -4.89384744e-01  1.76314471e-04  1.09407769e-02
 -4.88385378e-01  1.81617162e-04  1.11223941e-02
 -4.87386011e-01  1.43172653e-04  1.12655667e-02
 -4.86386644e-01  1.90896871e-04  1.14564636e-02
 -4.85387278e-01  1.74988798e-04  1.16314524e-02
 -4.84387911e-01  2.01502252e-04  1.18329546e-02
 -4.83388545e-01  2.01502252e-04  1.20344569e-02
 -4.82389178e-01  1.68360435e-04  1.22028173e-02
 -4.81389811e-01  2.17410325e-04  1.24202276e-02
 -4.80390445e-01  2.26690034e-04  1.26469177e-02
 -4.79391078e-01  1.97525234e-04  1.28444429e-02
 -4.78391711e-01  1.96199561e-04  1.30406425e-02
 -4.77392345e-01  1.82942834e-04  1.32235853e-02
 -4.76392978e-01  2.09456289e-04  1.34330416e-02
 -4.75393612e-01  2.33318397e-04  1.36663600e-02
 -4.74394245e-01  2.26690034e-04  1.38930500e-02
 -4.73394878e-01  2.14758979e-04  1.41078090e-02
 -4.72395512e-01  2.24038688e-04  1.43318477e-02
 -4.71396145e-01  2.26690034e-04  1.45585377e-02
 -4.70396778e-01  2.24038688e-04  1.47825764e-02
 -4.69397412e-01  2.38621088e-04  1.50211975e-02
 -4.68398045e-01  2.43923779e-04  1.52651213e-02
 -4.67398679e-01  2.05479270e-04  1.54706006e-02
 -4.66399312e-01  2.34644070e-04  1.57052446e-02
 -4.65399945e-01  2.50552143e-04  1.59557968e-02
 -4.64400579e-01  2.65134543e-04  1.62209313e-02
 -4.63401212e-01  2.86345306e-04  1.65072766e-02
 -4.62401845e-01  2.74414252e-04  1.67816909e-02
 -4.61402479e-01  2.61157524e-04  1.70428484e-02
 -4.60403112e-01  2.31992725e-04  1.72748411e-02
 -4.59403746e-01  2.75739924e-04  1.75505810e-02
 -4.58404379e-01  2.45249452e-04  1.77958305e-02
 -4.57405012e-01  2.87670979e-04  1.80835015e-02
 -4.56405646e-01  2.71762906e-04  1.83552644e-02
 -4.55406279e-01  2.82368288e-04  1.86376327e-02
 -4.54406912e-01  2.81042615e-04  1.89186753e-02
 -4.53407546e-01  2.62483197e-04  1.91811585e-02
 -4.52408179e-01  2.99602033e-04  1.94807605e-02
 -4.51408813e-01  2.91647997e-04  1.97724085e-02
 -4.50409446e-01  2.79716942e-04  2.00521255e-02
 -4.49410079e-01  3.15510106e-04  2.03676356e-02
 -4.48410713e-01  2.95625015e-04  2.06632606e-02
 -4.47411346e-01  2.50552143e-04  2.09138127e-02
 -4.46411979e-01  3.36720869e-04  2.12505336e-02
 -4.45412613e-01  3.47326251e-04  2.15978598e-02
 -4.44413246e-01  3.07556069e-04  2.19054159e-02
 -4.43413880e-01  3.43349233e-04  2.22487651e-02
 -4.42414513e-01  3.51303269e-04  2.26000684e-02
 -4.41415146e-01  3.68537014e-04  2.29686054e-02
 -4.40415780e-01  3.32743851e-04  2.33013493e-02
 -4.39416413e-01  3.39372214e-04  2.36407215e-02
 -4.38417046e-01  3.40697887e-04  2.39814194e-02
 -4.37417680e-01  3.47326251e-04  2.43287456e-02
 -4.36418313e-01  3.67211341e-04  2.46959570e-02
 -4.35418947e-01  3.69862687e-04  2.50658197e-02
 -4.34419580e-01  3.64559996e-04  2.54303796e-02
 -4.33420213e-01  4.04330177e-04  2.58347098e-02
 -4.32420847e-01  3.93724796e-04  2.62284346e-02
 -4.31421480e-01  3.87096432e-04  2.66155311e-02
 -4.30422114e-01  3.84445087e-04  2.69999761e-02
 -4.29422747e-01  3.72514032e-04  2.73724902e-02
 -4.28423380e-01  3.83119414e-04  2.77556096e-02
 -4.27424014e-01  3.91073450e-04  2.81466830e-02
 -4.26424647e-01  4.30843632e-04  2.85775267e-02
 -4.25425280e-01  4.40123341e-04  2.90176500e-02
 -4.24425914e-01  4.33494977e-04  2.94511450e-02
 -4.23426547e-01  3.95050468e-04  2.98461955e-02
 -4.22427181e-01  4.25540941e-04  3.02717364e-02
 -4.21427814e-01  4.46751704e-04  3.07184881e-02
 -4.20428447e-01  4.71939486e-04  3.11904276e-02
 -4.19429081e-01  4.44100359e-04  3.16345279e-02
 -4.18429714e-01  4.71939486e-04  3.21064674e-02
 -4.17430347e-01  4.86521886e-04  3.25929893e-02
 -4.16430981e-01  4.70613813e-04  3.30636031e-02
 -4.15431614e-01  4.86521886e-04  3.35501250e-02
 -4.14432248e-01  4.66636795e-04  3.40167618e-02
 -4.13432881e-01  4.42774686e-04  3.44595365e-02
 -4.12433514e-01  4.63985449e-04  3.49235219e-02
 -4.11434148e-01  4.71939486e-04  3.53954614e-02
 -4.10434781e-01  5.17012358e-04  3.59124738e-02
 -4.09435414e-01  5.23640721e-04  3.64361145e-02
 -4.08436048e-01  5.03755631e-04  3.69398701e-02
 -4.07436681e-01  5.03755631e-04  3.74436258e-02
 -4.06437315e-01  5.03755631e-04  3.79473814e-02
 -4.05437948e-01  5.19663703e-04  3.84670451e-02
 -4.04438581e-01  5.54131194e-04  3.90211763e-02
 -4.03439215e-01  5.85947339e-04  3.96071236e-02
 -4.02439848e-01  5.27617740e-04  4.01347414e-02
 -4.01440481e-01  5.35571776e-04  4.06703132e-02
 -4.00441115e-01  5.83295994e-04  4.12536091e-02
 -3.99441748e-01  5.83295994e-04  4.18369051e-02
 -3.98442382e-01  5.43525812e-04  4.23804309e-02
 -3.97443015e-01  5.66062248e-04  4.29464932e-02
 -3.96443648e-01  5.48828503e-04  4.34953217e-02
 -3.95444282e-01  5.77993303e-04  4.40733150e-02
 -3.94444915e-01  6.46928284e-04  4.47202433e-02
 -3.93445548e-01  5.96552721e-04  4.53167960e-02
 -3.92446182e-01  6.64162029e-04  4.59809580e-02
 -3.91446815e-01  6.41625593e-04  4.66225836e-02
 -3.90447449e-01  5.95227048e-04  4.72178107e-02
 -3.89448082e-01  6.00529739e-04  4.78183404e-02
 -3.88448715e-01  6.69464720e-04  4.84878051e-02
 -3.87449349e-01  6.64162029e-04  4.91519672e-02
 -3.86449982e-01  6.12460793e-04  4.97644280e-02
 -3.85450615e-01  6.85372792e-04  5.04498008e-02
 -3.84451249e-01  7.33097010e-04  5.11828978e-02
 -3.83451882e-01  7.13211919e-04  5.18961097e-02
 -3.82452516e-01  6.92001156e-04  5.25881108e-02
 -3.81453149e-01  6.92001156e-04  5.32801120e-02
 -3.80453782e-01  7.13211919e-04  5.39933239e-02
 -3.79454416e-01  6.89349811e-04  5.46826737e-02
 -3.78455049e-01  7.11886247e-04  5.53945600e-02
 -3.77455682e-01  7.42376719e-04  5.61369367e-02
 -3.76456316e-01  7.35748356e-04  5.68726850e-02
 -3.75456949e-01  6.97303847e-04  5.75699889e-02
 -3.74457583e-01  7.59610464e-04  5.83295994e-02
 -3.73458216e-01  7.66238828e-04  5.90958382e-02
 -3.72458849e-01  7.71541519e-04  5.98673797e-02
 -3.71459483e-01  7.83472573e-04  6.06508523e-02
 -3.70460116e-01  7.18514610e-04  6.13693669e-02
 -3.69460749e-01  7.71541519e-04  6.21409084e-02
 -3.68461383e-01  7.95403628e-04  6.29363120e-02
 -3.67462016e-01  7.68890173e-04  6.37052022e-02
 -3.66462650e-01  8.63012936e-04  6.45682151e-02
 -3.65463283e-01  8.17940064e-04  6.53861552e-02
 -3.64463916e-01  8.25894100e-04  6.62120493e-02
 -3.63464550e-01  8.74943990e-04  6.70869933e-02
 -3.62465183e-01  8.97480426e-04  6.79844737e-02
 -3.61465816e-01  8.90852063e-04  6.88753258e-02
 -3.60466450e-01  8.03357664e-04  6.96786834e-02
 -3.59467083e-01  8.56384572e-04  7.05350680e-02
 -3.58467717e-01  9.38576281e-04  7.14736443e-02
 -3.57468350e-01  9.55810026e-04  7.24294543e-02
 -3.56468983e-01  8.77595336e-04  7.33070497e-02
 -3.55469617e-01  9.57135699e-04  7.42641854e-02
 -3.54470250e-01  8.77595336e-04  7.51417807e-02
 -3.53470883e-01  9.41227626e-04  7.60830083e-02
 -3.52471517e-01  9.18691190e-04  7.70016995e-02
 -3.51472150e-01  9.63764062e-04  7.79654636e-02
 -3.50472784e-01  9.92928862e-04  7.89583924e-02
 -3.49473417e-01  9.66415407e-04  7.99248078e-02
 -3.48474050e-01  1.03800173e-03  8.09628096e-02
 -3.47474684e-01  1.06849221e-03  8.20313018e-02
 -3.46475317e-01  9.95580207e-04  8.30268820e-02
 -3.45475951e-01  1.00751126e-03  8.40343933e-02
 -3.44476584e-01  1.02739635e-03  8.50617896e-02
 -3.43477217e-01  1.03932741e-03  8.61011170e-02
 -3.42477851e-01  1.06451519e-03  8.71656322e-02
 -3.41478484e-01  1.05390981e-03  8.82195420e-02
 -3.40479117e-01  1.12417046e-03  8.93437125e-02
 -3.39479751e-01  1.14405555e-03  9.04877680e-02
 -3.38480384e-01  1.13079882e-03  9.16185668e-02
 -3.37481018e-01  1.16791766e-03  9.27864845e-02
 -3.36481651e-01  1.11754210e-03  9.39040266e-02
 -3.35482284e-01  1.15731228e-03  9.50613389e-02
 -3.34482918e-01  1.11621642e-03  9.61775553e-02
 -3.33483551e-01  1.11091373e-03  9.72884690e-02
 -3.32484184e-01  1.17056901e-03  9.84590380e-02
 -3.31484818e-01  1.21564188e-03  9.96746799e-02
 -3.30485451e-01  1.16659199e-03  1.00841272e-01
 -3.29486085e-01  1.19973380e-03  1.02041006e-01
 -3.28486718e-01  1.21166486e-03  1.03252671e-01
 -3.27487351e-01  1.29120522e-03  1.04543876e-01
 -3.26487985e-01  1.28059984e-03  1.05824476e-01
 -3.25488618e-01  1.28987955e-03  1.07114355e-01
 -3.24489251e-01  1.21961890e-03  1.08333974e-01
 -3.23489885e-01  1.31109031e-03  1.09645064e-01
 -3.22490518e-01  1.31374166e-03  1.10958806e-01
 -3.21491152e-01  1.28325119e-03  1.12242057e-01
 -3.20491785e-01  1.35086049e-03  1.13592918e-01
 -3.19492418e-01  1.30711329e-03  1.14900031e-01
 -3.18493052e-01  1.33495242e-03  1.16234983e-01
 -3.17493685e-01  1.33892944e-03  1.17573913e-01
 -3.16494318e-01  1.34688348e-03  1.18920796e-01
 -3.15494952e-01  1.34688348e-03  1.20267680e-01
 -3.14495585e-01  1.39063068e-03  1.21658311e-01
 -3.13496219e-01  1.43968057e-03  1.23097991e-01
 -3.12496852e-01  1.36809424e-03  1.24466085e-01
 -3.11497485e-01  1.38400231e-03  1.25850088e-01
 -3.10498119e-01  1.44365758e-03  1.27293745e-01
 -3.09498752e-01  1.42642384e-03  1.28720169e-01
 -3.08499385e-01  1.41979548e-03  1.30139965e-01
 -3.07500019e-01  1.45293729e-03  1.31592902e-01
 -3.06500652e-01  1.49403315e-03  1.33086935e-01
 -3.05501286e-01  1.40256173e-03  1.34489497e-01
 -3.04501919e-01  1.58815591e-03  1.36077653e-01
 -3.03502552e-01  1.50861555e-03  1.37586268e-01
 -3.02503186e-01  1.53645467e-03  1.39122723e-01
 -3.01503819e-01  1.60406398e-03  1.40726787e-01
 -3.00504452e-01  1.52452362e-03  1.42251310e-01
 -2.99505086e-01  1.61201802e-03  1.43863328e-01
 -2.98505719e-01  1.58948158e-03  1.45452810e-01
 -2.97506353e-01  1.54573438e-03  1.46998544e-01
 -2.96506986e-01  1.64781118e-03  1.48646356e-01
 -2.95507619e-01  1.63985715e-03  1.50286213e-01
 -2.94508253e-01  1.69023271e-03  1.51976445e-01
 -2.93508886e-01  1.70746645e-03  1.53683912e-01
 -2.92509519e-01  1.64118282e-03  1.55325095e-01
 -2.91510153e-01  1.70746645e-03  1.57032561e-01
 -2.90510786e-01  1.73000289e-03  1.58762564e-01
 -2.89511420e-01  1.73397991e-03  1.60496544e-01
 -2.88512053e-01  1.72470020e-03  1.62221244e-01
 -2.87512686e-01  1.67697598e-03  1.63898220e-01
 -2.86513320e-01  1.69686107e-03  1.65595081e-01
 -2.85513953e-01  1.66371925e-03  1.67258800e-01
 -2.84514586e-01  1.70348944e-03  1.68962290e-01
 -2.83515220e-01  1.71276914e-03  1.70675059e-01
 -2.82515853e-01  1.88775794e-03  1.72562817e-01
 -2.81516487e-01  1.82412565e-03  1.74386943e-01
 -2.80517120e-01  1.76844740e-03  1.76155390e-01
 -2.79517753e-01  1.90499169e-03  1.78060382e-01
 -2.78518387e-01  1.90896871e-03  1.79969350e-01
 -2.77519020e-01  1.82147431e-03  1.81790825e-01
 -2.76519653e-01  1.77242442e-03  1.83563249e-01
 -2.75520287e-01  1.91692274e-03  1.85480172e-01
 -2.74520920e-01  1.81086893e-03  1.87291041e-01
 -2.73521554e-01  1.90499169e-03  1.89196033e-01
 -2.72522187e-01  1.96597263e-03  1.91162005e-01
 -2.71522820e-01  2.02032521e-03  1.93182330e-01
 -2.70523454e-01  2.02297656e-03  1.95205307e-01
 -2.69524087e-01  1.93945918e-03  1.97144766e-01
 -2.68524720e-01  1.91957409e-03  1.99064340e-01
 -2.67525354e-01  2.07070078e-03  2.01135041e-01
 -2.66525987e-01  2.09456289e-03  2.03229604e-01
 -2.65526621e-01  1.96597263e-03  2.05195576e-01
 -2.64527254e-01  2.19398834e-03  2.07389565e-01
 -2.63527887e-01  1.94873889e-03  2.09338304e-01
 -2.62528521e-01  2.10649394e-03  2.11444798e-01
 -2.61529154e-01  2.01104551e-03  2.13455843e-01
 -2.60529787e-01  2.09853990e-03  2.15554383e-01
 -2.59530421e-01  2.15421816e-03  2.17708601e-01
 -2.58531054e-01  2.21652478e-03  2.19925126e-01
 -2.57531688e-01  2.15819518e-03  2.22083321e-01
 -2.56532321e-01  2.15554383e-03  2.24238865e-01
 -2.55532954e-01  2.10384259e-03  2.26342708e-01
 -2.54533588e-01  2.24701525e-03  2.28589723e-01
 -2.53534221e-01  2.26027198e-03  2.30849995e-01
 -2.52534855e-01  2.22845583e-03  2.33078451e-01
 -2.51535488e-01  2.23508419e-03  2.35313535e-01
 -2.50536121e-01  2.19796536e-03  2.37511500e-01
 -2.49536755e-01  2.20724507e-03  2.39718745e-01
 -2.48537388e-01  2.32655561e-03  2.42045301e-01
 -2.47538021e-01  2.25496928e-03  2.44300270e-01
 -2.46538655e-01  2.25629496e-03  2.46556565e-01
 -2.45539288e-01  2.22845583e-03  2.48785021e-01
 -2.44539922e-01  2.24303823e-03  2.51028059e-01
 -2.43540555e-01  2.32655561e-03  2.53354615e-01
 -2.42541188e-01  2.34378936e-03  2.55698404e-01
 -2.41541822e-01  2.37825685e-03  2.58076661e-01
 -2.40542455e-01  2.39283925e-03  2.60469500e-01
 -2.39543088e-01  2.49226470e-03  2.62961765e-01
 -2.38543722e-01  2.38753656e-03  2.65349302e-01
 -2.37544355e-01  2.33848667e-03  2.67687788e-01
 -2.36544989e-01  2.44984317e-03  2.70137631e-01
 -2.35545622e-01  2.56517670e-03  2.72702808e-01
 -2.34546255e-01  2.51480114e-03  2.75217609e-01
 -2.33546889e-01  2.47105394e-03  2.77688663e-01
 -2.32547522e-01  2.61024957e-03  2.80298913e-01
 -2.31548155e-01  2.58373612e-03  2.82882649e-01
 -2.30548789e-01  2.42995808e-03  2.85312607e-01
 -2.29549422e-01  2.57047939e-03  2.87883086e-01
 -2.28550056e-01  2.53733757e-03  2.90420424e-01
 -2.27550689e-01  2.53468623e-03  2.92955110e-01
 -2.26551322e-01  2.65797379e-03  2.95613084e-01
 -2.25551956e-01  2.65399677e-03  2.98267081e-01
 -2.24552589e-01  2.59699284e-03  3.00864073e-01
 -2.23553222e-01  2.66725350e-03  3.03531327e-01
 -2.22553856e-01  2.59169015e-03  3.06123017e-01
 -2.21554489e-01  2.68581292e-03  3.08808830e-01
 -2.20555123e-01  2.70172099e-03  3.11510551e-01
 -2.19555756e-01  2.71497772e-03  3.14225529e-01
 -2.18556389e-01  2.81042615e-03  3.17035955e-01
 -2.17557023e-01  2.79319241e-03  3.19829147e-01
 -2.16557656e-01  2.80910048e-03  3.22638248e-01
 -2.15558289e-01  2.85549902e-03  3.25493747e-01
 -2.14558923e-01  2.80114644e-03  3.28294893e-01
 -2.13559556e-01  2.83693961e-03  3.31131833e-01
 -2.12560190e-01  2.75607357e-03  3.33887906e-01
 -2.11560823e-01  2.78788971e-03  3.36675796e-01
 -2.10561456e-01  2.79849510e-03  3.39474291e-01
 -2.09562090e-01  2.83163691e-03  3.42305928e-01
 -2.08562723e-01  2.84754499e-03  3.45153473e-01
 -2.07563356e-01  2.88598950e-03  3.48039463e-01
 -2.06563990e-01  2.80644913e-03  3.50845912e-01
 -2.05564623e-01  2.99204331e-03  3.53837955e-01
 -2.04565257e-01  2.89659488e-03  3.56734550e-01
 -2.03565890e-01  3.00397437e-03  3.59738524e-01
 -2.02566523e-01  2.95625015e-03  3.62694774e-01
 -2.01567157e-01  2.82500855e-03  3.65519783e-01
 -2.00567790e-01  2.94166775e-03  3.68461451e-01
 -1.99568423e-01  3.05037291e-03  3.71511824e-01
 -1.98569057e-01  2.99999735e-03  3.74511821e-01
 -1.97569690e-01  3.03844186e-03  3.77550263e-01
 -1.96570324e-01  3.05567560e-03  3.80605938e-01
 -1.95570957e-01  3.03446484e-03  3.83640403e-01
 -1.94571590e-01  3.06628098e-03  3.86706684e-01
 -1.93572224e-01  3.00795138e-03  3.89714636e-01
 -1.92572857e-01  3.01457975e-03  3.92729215e-01
 -1.91573490e-01  3.01590542e-03  3.95745121e-01
 -1.90574124e-01  3.08484040e-03  3.98829961e-01
 -1.89574757e-01  3.22138469e-03  4.02051346e-01
 -1.88575391e-01  3.12461058e-03  4.05175957e-01
 -1.87576024e-01  3.17896316e-03  4.08354920e-01
 -1.86576657e-01  3.15775240e-03  4.11512672e-01
 -1.85577291e-01  3.16968346e-03  4.14682356e-01
 -1.84577924e-01  3.08218906e-03  4.17764545e-01
 -1.83578557e-01  3.06230397e-03  4.20826849e-01
 -1.82579191e-01  3.16172942e-03  4.23988578e-01
 -1.81579824e-01  3.25452651e-03  4.27243105e-01
 -1.80580458e-01  3.19884826e-03  4.30441953e-01
 -1.79581091e-01  3.33804389e-03  4.33779997e-01
 -1.78581724e-01  3.24657247e-03  4.37026569e-01
 -1.77582358e-01  3.27706295e-03  4.40303632e-01
 -1.76582991e-01  3.35925465e-03  4.43662887e-01
 -1.75583624e-01  3.32876418e-03  4.46991651e-01
 -1.74584258e-01  3.42288694e-03  4.50414538e-01
 -1.73584891e-01  3.31550745e-03  4.53730045e-01
 -1.72585525e-01  3.28236564e-03  4.57012411e-01
 -1.71586158e-01  3.23596709e-03  4.60248378e-01
 -1.70586791e-01  3.22933873e-03  4.63477717e-01
 -1.69587425e-01  3.38444244e-03  4.66862159e-01
 -1.68588058e-01  3.40035051e-03  4.70262510e-01
 -1.67588692e-01  3.41493291e-03  4.73677443e-01
 -1.66589325e-01  3.33406687e-03  4.77011509e-01
 -1.65589958e-01  3.54617451e-03  4.80557684e-01
 -1.64590592e-01  3.44674905e-03  4.84004433e-01
 -1.63591225e-01  3.37118571e-03  4.87375619e-01
 -1.62591858e-01  3.48784491e-03  4.90863464e-01
 -1.61592492e-01  3.35792898e-03  4.94221393e-01
 -1.60593125e-01  3.54617451e-03  4.97767567e-01
 -1.59593759e-01  3.34069524e-03  5.01108262e-01
 -1.58594392e-01  3.43084098e-03  5.04539103e-01
 -1.57595025e-01  3.47061116e-03  5.08009715e-01
 -1.56595659e-01  3.47723953e-03  5.11486954e-01
 -1.55596292e-01  3.73176869e-03  5.15218723e-01
 -1.54596925e-01  3.55943123e-03  5.18778154e-01
 -1.53597559e-01  3.40167618e-03  5.22179830e-01
 -1.52598192e-01  3.59787574e-03  5.25777706e-01
 -1.51598826e-01  3.48651923e-03  5.29264225e-01
 -1.50599459e-01  3.46133145e-03  5.32725557e-01
 -1.49600092e-01  3.55147720e-03  5.36277034e-01
 -1.48600726e-01  3.55943123e-03  5.39836465e-01
 -1.47601359e-01  3.59522440e-03  5.43431689e-01
 -1.46601992e-01  3.62836621e-03  5.47060056e-01
 -1.45602626e-01  3.60052709e-03  5.50660583e-01
 -1.44603259e-01  3.56871094e-03  5.54229294e-01
 -1.43603893e-01  3.56340825e-03  5.57792702e-01
 -1.42604526e-01  3.62969189e-03  5.61422394e-01
 -1.41605159e-01  3.68537014e-03  5.65107764e-01
 -1.40605793e-01  3.54352316e-03  5.68651287e-01
 -1.39606426e-01  3.76358483e-03  5.72414872e-01
 -1.38607059e-01  3.63234323e-03  5.76047215e-01
 -1.37607693e-01  3.59920141e-03  5.79646417e-01
 -1.36608326e-01  3.61510949e-03  5.83261526e-01
 -1.35608960e-01  3.66548505e-03  5.86927011e-01
 -1.34609593e-01  3.53556912e-03  5.90462580e-01
 -1.33610226e-01  3.53556912e-03  5.93998149e-01
 -1.32610860e-01  3.72514032e-03  5.97723290e-01
 -1.31611493e-01  3.68139312e-03  6.01404683e-01
 -1.30612126e-01  3.68934716e-03  6.05094030e-01
 -1.29612760e-01  3.56473392e-03  6.08658764e-01
 -1.28613393e-01  3.55412854e-03  6.12212892e-01
 -1.27614027e-01  3.60450411e-03  6.15817397e-01
 -1.26614660e-01  3.55147720e-03  6.19368874e-01
 -1.25615293e-01  3.52761509e-03  6.22896489e-01
 -1.24615927e-01  3.74237407e-03  6.26638863e-01
 -1.23616560e-01  3.58196767e-03  6.30220831e-01
 -1.22617193e-01  3.63897160e-03  6.33859802e-01
 -1.21617827e-01  3.65222832e-03  6.37512030e-01
 -1.20618460e-01  3.53556912e-03  6.41047600e-01
 -1.19619094e-01  3.48121654e-03  6.44528816e-01
 -1.18619727e-01  3.60450411e-03  6.48133320e-01
 -1.17620360e-01  3.46530847e-03  6.51598629e-01
 -1.16620994e-01  3.61113247e-03  6.55209761e-01
 -1.15621627e-01  3.66946207e-03  6.58879223e-01
 -1.14622260e-01  3.56340825e-03  6.62442632e-01
 -1.13622894e-01  3.66150803e-03  6.66104140e-01
 -1.12623527e-01  3.59522440e-03  6.69699364e-01
 -1.11624161e-01  3.55545422e-03  6.73254818e-01
 -1.10624794e-01  3.52894076e-03  6.76783759e-01
 -1.09625427e-01  3.53159211e-03  6.80315351e-01
 -1.08626061e-01  3.59124738e-03  6.83906598e-01
 -1.07626694e-01  3.63499458e-03  6.87541593e-01
 -1.06627327e-01  3.63499458e-03  6.91176588e-01
 -1.05627961e-01  3.37913974e-03  6.94555727e-01
 -1.04628594e-01  3.55677989e-03  6.98112507e-01
 -1.03629228e-01  3.41625858e-03  7.01528766e-01
 -1.02629861e-01  3.51568403e-03  7.05044450e-01
 -1.01630494e-01  3.55147720e-03  7.08595927e-01
 -1.00631128e-01  3.39504782e-03  7.11990975e-01
 -9.96317611e-02  3.43614367e-03  7.15427118e-01
 -9.86323945e-02  3.34732360e-03  7.18774442e-01
 -9.76330279e-02  3.48254222e-03  7.22256984e-01
 -9.66336612e-02  3.33274120e-03  7.25589726e-01
 -9.56342946e-02  3.35660331e-03  7.28946329e-01
 -9.46349280e-02  3.37648840e-03  7.32322817e-01
 -9.36355614e-02  3.25850353e-03  7.35581321e-01
 -9.26361947e-02  3.38444244e-03  7.38965763e-01
 -9.16368281e-02  3.32611284e-03  7.42291876e-01
 -9.06374615e-02  3.27043458e-03  7.45562311e-01
 -8.96380949e-02  3.20812796e-03  7.48770439e-01
 -8.86387282e-02  3.22138469e-03  7.51991823e-01
 -8.76393616e-02  3.07688637e-03  7.55068710e-01
 -8.66399950e-02  3.09677146e-03  7.58165481e-01
 -8.56406284e-02  3.15775240e-03  7.61323233e-01
 -8.46412617e-02  3.09809713e-03  7.64421331e-01
 -8.36418951e-02  3.06097829e-03  7.67482309e-01
 -8.26425285e-02  3.06628098e-03  7.70548590e-01
 -8.16431619e-02  3.11665655e-03  7.73665246e-01
 -8.06437953e-02  3.08749175e-03  7.76752738e-01
 -7.96444286e-02  3.04507022e-03  7.79797808e-01
 -7.86450620e-02  2.96155284e-03  7.82759361e-01
 -7.76456954e-02  3.03048782e-03  7.85789849e-01
 -7.66463288e-02  2.84887066e-03  7.88638720e-01
 -7.56469621e-02  2.96420419e-03  7.91602924e-01
 -7.46475955e-02  2.95757582e-03  7.94560500e-01
 -7.36482289e-02  2.99999735e-03  7.97560497e-01
 -7.26488623e-02  2.86080171e-03  8.00421299e-01
 -7.16494956e-02  2.90057190e-03  8.03321871e-01
 -7.06501290e-02  2.68183590e-03  8.06003707e-01
 -6.96507624e-02  2.84091662e-03  8.08844623e-01
 -6.86513958e-02  2.67123052e-03  8.11515854e-01
 -6.76520291e-02  2.77065597e-03  8.14286510e-01
 -6.66526625e-02  2.77861001e-03  8.17065120e-01
 -6.56532959e-02  2.72028041e-03  8.19785400e-01
 -6.46539293e-02  2.71232637e-03  8.22497726e-01
 -6.36545627e-02  2.73221146e-03  8.25229938e-01
 -6.26551960e-02  2.73486281e-03  8.27964801e-01
 -6.16558294e-02  2.59301583e-03  8.30557817e-01
 -6.06564628e-02  2.55722266e-03  8.33115039e-01
 -5.96570962e-02  2.62748332e-03  8.35742523e-01
 -5.86577295e-02  2.55059430e-03  8.38293117e-01
 -5.76583629e-02  2.48298499e-03  8.40776102e-01
 -5.66589963e-02  2.51480114e-03  8.43290903e-01
 -5.56596297e-02  2.37958252e-03  8.45670485e-01
 -5.46602630e-02  2.34378936e-03  8.48014275e-01
 -5.36608964e-02  2.41007299e-03  8.50424348e-01
 -5.26615298e-02  2.35969743e-03  8.52784045e-01
 -5.16621632e-02  2.34776637e-03  8.55131812e-01
 -5.06627965e-02  2.40742165e-03  8.57539233e-01
 -4.96634299e-02  2.20194238e-03  8.59741176e-01
 -4.86640633e-02  2.26557467e-03  8.62006750e-01
 -4.76646967e-02  2.25629496e-03  8.64263045e-01
 -4.66653301e-02  2.28280841e-03  8.66545854e-01
 -4.56659634e-02  2.15686950e-03  8.68702723e-01
 -4.46665968e-02  2.18338296e-03  8.70886106e-01
 -4.36672302e-02  2.08660885e-03  8.72972715e-01
 -4.26678636e-02  2.10781961e-03  8.75080535e-01
 -4.16684969e-02  2.02562790e-03  8.77106163e-01
 -4.06691303e-02  2.01104551e-03  8.79117208e-01
 -3.96697637e-02  2.02960492e-03  8.81146813e-01
 -3.86703971e-02  1.97127532e-03  8.83118088e-01
 -3.76710304e-02  1.95139023e-03  8.85069479e-01
 -3.66716638e-02  1.98850907e-03  8.87057988e-01
 -3.56722972e-02  1.97260100e-03  8.89030589e-01
 -3.46729306e-02  1.87052420e-03  8.90901113e-01
 -3.36735639e-02  1.93548216e-03  8.92836595e-01
 -3.26741973e-02  1.96066994e-03  8.94797265e-01
 -3.16748307e-02  1.85329045e-03  8.96650555e-01
 -3.06754641e-02  1.78965816e-03  8.98440213e-01
 -2.96760975e-02  1.73795693e-03  9.00178170e-01
 -2.86767308e-02  1.74325962e-03  9.01921430e-01
 -2.76773642e-02  1.58815591e-03  9.03509586e-01
 -2.66779976e-02  1.68758136e-03  9.05197167e-01
 -2.56786310e-02  1.58815591e-03  9.06785323e-01
 -2.46792643e-02  1.57755053e-03  9.08362874e-01
 -2.36798977e-02  1.65311387e-03  9.10015988e-01
 -2.26805311e-02  1.52584929e-03  9.11541837e-01
 -2.16811645e-02  1.56164246e-03  9.13103479e-01
 -2.06817978e-02  1.51126689e-03  9.14614746e-01
 -1.96824312e-02  1.55501409e-03  9.16169760e-01
 -1.86830646e-02  1.50463853e-03  9.17674399e-01
 -1.76836980e-02  1.48607911e-03  9.19160478e-01
 -1.66843313e-02  1.47945075e-03  9.20639929e-01
 -1.56849647e-02  1.47679940e-03  9.22116728e-01
 -1.46855981e-02  1.45558864e-03  9.23572317e-01
 -1.36862315e-02  1.38797933e-03  9.24960296e-01
 -1.26868648e-02  1.35881453e-03  9.26319111e-01
 -1.16874982e-02  1.33892944e-03  9.27658040e-01
 -1.06881316e-02  1.30711329e-03  9.28965153e-01
 -9.68876498e-03  1.24348100e-03  9.30208634e-01
 -8.68939836e-03  1.17587170e-03  9.31384506e-01
 -7.69003173e-03  1.21033919e-03  9.32594845e-01
 -6.69066511e-03  1.12019344e-03  9.33715039e-01
 -5.69129848e-03  1.19443111e-03  9.34909470e-01
 -4.69193186e-03  1.09765701e-03  9.36007127e-01
 -3.69256524e-03  1.19973380e-03  9.37206861e-01
 -2.69319861e-03  1.14670690e-03  9.38353568e-01
 -1.69383199e-03  1.11223941e-03  9.39465807e-01
 -6.94465367e-04  1.12947315e-03  9.40595280e-01
  3.04901257e-04  1.02739635e-03  9.41622676e-01
  1.30426788e-03  1.11223941e-03  9.42734916e-01
  2.30363450e-03  1.04065308e-03  9.43775569e-01
  3.30300113e-03  1.02209366e-03  9.44797663e-01
  4.30236775e-03  1.06451519e-03  9.45862178e-01
  5.30173437e-03  9.79672135e-04  9.46841850e-01
  6.30110100e-03  9.73043771e-04  9.47814894e-01
  7.30046762e-03  8.90852063e-04  9.48705746e-01
  8.29983425e-03  9.62438389e-04  9.49668184e-01
  9.29920087e-03  9.04108790e-04  9.50572293e-01
  1.02985675e-02  8.85549372e-04  9.51457842e-01
  1.12979341e-02  9.04108790e-04  9.52361951e-01
  1.22973007e-02  8.74943990e-04  9.53236895e-01
  1.32966674e-02  8.47104863e-04  9.54084000e-01
  1.42960340e-02  8.78921008e-04  9.54962921e-01
  1.52954006e-02  8.44453518e-04  9.55807374e-01
  1.62947672e-02  8.68315627e-04  9.56675690e-01
  1.72941339e-02  8.60361590e-04  9.57536052e-01
  1.82935005e-02  8.23242755e-04  9.58359294e-01
  1.92928671e-02  7.42376719e-04  9.59101671e-01
  2.02922337e-02  7.43702392e-04  9.59845374e-01
  2.12916004e-02  6.97303847e-04  9.60542677e-01
  2.22909670e-02  7.19840283e-04  9.61262518e-01
  2.32903336e-02  7.13211919e-04  9.61975730e-01
  2.42897002e-02  7.03932210e-04  9.62679662e-01
  2.52890668e-02  7.11886247e-04  9.63391548e-01
  2.62884335e-02  6.68139047e-04  9.64059687e-01
  2.72878001e-02  6.76093083e-04  9.64735780e-01
  2.82871667e-02  6.88024138e-04  9.65423804e-01
  2.92865333e-02  6.37648575e-04  9.66061453e-01
  3.02859000e-02  6.64162029e-04  9.66725615e-01
  3.12852666e-02  6.46928284e-04  9.67372543e-01
  3.22846332e-02  6.19089157e-04  9.67991632e-01
  3.32839998e-02  5.93901375e-04  9.68585534e-01
  3.42833665e-02  6.21740502e-04  9.69207274e-01
  3.52827331e-02  6.20414830e-04  9.69827689e-01
  3.62820997e-02  5.85947339e-04  9.70413636e-01
  3.72814663e-02  5.70039266e-04  9.70983676e-01
  3.82808330e-02  5.62085230e-04  9.71545761e-01
  3.92801996e-02  5.44851485e-04  9.72090612e-01
  4.02795662e-02  5.52805521e-04  9.72643418e-01
  4.12789328e-02  5.36897449e-04  9.73180315e-01
  4.22782994e-02  5.15686685e-04  9.73696002e-01
  4.32776661e-02  4.77242177e-04  9.74173244e-01
  4.42770327e-02  5.22315049e-04  9.74695559e-01
  4.52763993e-02  5.51479848e-04  9.75247039e-01
  4.62757659e-02  4.97127267e-04  9.75744166e-01
  4.72751326e-02  4.79893522e-04  9.76224060e-01
  4.82744992e-02  4.28192286e-04  9.76652252e-01
  4.92738658e-02  4.52054395e-04  9.77104307e-01
  5.02732324e-02  4.20238250e-04  9.77524545e-01
  5.12725991e-02  4.49403050e-04  9.77973948e-01
  5.22719657e-02  4.40123341e-04  9.78414071e-01
  5.32713323e-02  4.10958541e-04  9.78825030e-01
  5.42706989e-02  3.88422105e-04  9.79213452e-01
  5.52700656e-02  4.01678832e-04  9.79615131e-01
  5.62694322e-02  4.12284214e-04  9.80027415e-01
  5.72687988e-02  4.40123341e-04  9.80467538e-01
  5.82681654e-02  3.99027486e-04  9.80866566e-01
  5.92675320e-02  3.64559996e-04  9.81231126e-01
  6.02668987e-02  3.71188360e-04  9.81602314e-01
  6.12662653e-02  3.89747778e-04  9.81992062e-01
  6.22656319e-02  3.51303269e-04  9.82343365e-01
  6.32649985e-02  3.53954614e-04  9.82697320e-01
  6.42643652e-02  3.07556069e-04  9.83004876e-01
  6.52637318e-02  3.27441160e-04  9.83332317e-01
  6.62630984e-02  3.30092505e-04  9.83662409e-01
  6.72624650e-02  3.53954614e-04  9.84016364e-01
  6.82618317e-02  2.99602033e-04  9.84315966e-01
  6.92611983e-02  3.35395196e-04  9.84651361e-01
  7.02605649e-02  3.07556069e-04  9.84958917e-01
  7.12599315e-02  3.27441160e-04  9.85286359e-01
  7.22592982e-02  3.06230397e-04  9.85592589e-01
  7.32586648e-02  2.95625015e-04  9.85888214e-01
  7.42580314e-02  3.08881742e-04  9.86197096e-01
  7.52573980e-02  3.19487124e-04  9.86516583e-01
  7.62567646e-02  2.82368288e-04  9.86798951e-01
  7.72561313e-02  2.61157524e-04  9.87060109e-01
  7.82554979e-02  2.69111561e-04  9.87329220e-01
  7.92548645e-02  2.74414252e-04  9.87603634e-01
  8.02542311e-02  2.79716942e-04  9.87883351e-01
  8.12535978e-02  2.30667052e-04  9.88114018e-01
  8.22529644e-02  2.63808870e-04  9.88377827e-01
  8.32523310e-02  2.74414252e-04  9.88652242e-01
  8.42516976e-02  2.29341379e-04  9.88881583e-01
  8.52510643e-02  2.39946761e-04  9.89121530e-01
  8.62504309e-02  2.41272434e-04  9.89362802e-01
  8.72497975e-02  2.50552143e-04  9.89613354e-01
  8.82491641e-02  2.30667052e-04  9.89844021e-01
  8.92485308e-02  1.96199561e-04  9.90040221e-01
  9.02478974e-02  1.86919852e-04  9.90227141e-01
  9.12472640e-02  2.17410325e-04  9.90444551e-01
  9.22466306e-02  2.13433307e-04  9.90657984e-01
  9.32459972e-02  2.18735998e-04  9.90876720e-01
  9.42453639e-02  2.04153598e-04  9.91080874e-01
  9.52447305e-02  1.81617162e-04  9.91262491e-01
  9.62440971e-02  1.84268507e-04  9.91446760e-01
  9.72434637e-02  1.67034762e-04  9.91613794e-01
  9.82428304e-02  1.94873889e-04  9.91808668e-01
  9.92421970e-02  1.81617162e-04  9.91990285e-01
  1.00241564e-01  1.60406398e-04  9.92150692e-01
  1.01240930e-01  1.71011780e-04  9.92321704e-01
  1.02240297e-01  2.00176580e-04  9.92521880e-01
  1.03239663e-01  1.76314471e-04  9.92698195e-01
  1.04239030e-01  1.78965816e-04  9.92877161e-01
  1.05238397e-01  1.43172653e-04  9.93020333e-01
  1.06237763e-01  1.81617162e-04  9.93201950e-01
  1.07237130e-01  1.47149671e-04  9.93349100e-01
  1.08236497e-01  1.82942834e-04  9.93532043e-01
  1.09235863e-01  1.55103707e-04  9.93687147e-01
  1.10235230e-01  1.36544289e-04  9.93823691e-01
  1.11234596e-01  1.32567271e-04  9.93956258e-01
  1.12233963e-01  1.35218617e-04  9.94091477e-01
  1.13233330e-01  1.44498326e-04  9.94235975e-01
  1.14232696e-01  1.20636217e-04  9.94356611e-01
  1.15232063e-01  1.25938908e-04  9.94482550e-01
  1.16231430e-01  1.21961890e-04  9.94604512e-01
  1.17230796e-01  1.17984871e-04  9.94722497e-01
  1.18230163e-01  1.06053817e-04  9.94828551e-01
  1.19229529e-01  1.06053817e-04  9.94934605e-01
  1.20228896e-01  1.21961890e-04  9.95056566e-01
  1.21228263e-01  9.80997807e-05  9.95154666e-01
  1.22227629e-01  9.67741080e-05  9.95251440e-01
  1.23226996e-01  1.11356508e-04  9.95362797e-01
  1.24226363e-01  9.67741080e-05  9.95459571e-01
  1.25225729e-01  9.54484353e-05  9.95555019e-01
  1.26225096e-01  7.68890173e-05  9.95631908e-01
  1.27224462e-01  1.08705162e-04  9.95740614e-01
  1.28223829e-01  1.07379490e-04  9.95847993e-01
  1.29223196e-01  1.02076799e-04  9.95950070e-01
  1.30222562e-01  8.35173809e-05  9.96033587e-01
  1.31221929e-01  8.61687263e-05  9.96119756e-01
  1.32221296e-01  9.27970899e-05  9.96212553e-01
  1.33220662e-01  1.00751126e-04  9.96313304e-01
  1.34220029e-01  1.02076799e-04  9.96415381e-01
  1.35219395e-01  7.82146900e-05  9.96493596e-01
  1.36218762e-01  8.48430536e-05  9.96578439e-01
  1.37218129e-01  8.35173809e-05  9.96661956e-01
  1.38217495e-01  8.74943990e-05  9.96749451e-01
  1.39216862e-01  8.21917082e-05  9.96831642e-01
  1.40216229e-01  7.02606538e-05  9.96901903e-01
  1.41215595e-01  8.74943990e-05  9.96989397e-01
  1.42214962e-01  6.09809448e-05  9.97050378e-01
  1.43214328e-01  7.29119992e-05  9.97123290e-01
  1.44213695e-01  6.23066175e-05  9.97185597e-01
  1.45213062e-01  7.68890173e-05  9.97262486e-01
  1.46212428e-01  6.49579629e-05  9.97327444e-01
  1.47211795e-01  6.23066175e-05  9.97389750e-01
  1.48211162e-01  8.08660355e-05  9.97470616e-01
  1.49210528e-01  6.23066175e-05  9.97532923e-01
  1.50209895e-01  6.36322902e-05  9.97596555e-01
  1.51209261e-01  5.30269085e-05  9.97649582e-01
  1.52208628e-01  5.56782539e-05  9.97705261e-01
  1.53207995e-01  5.96552721e-05  9.97764916e-01
  1.54207361e-01  4.50728722e-05  9.97809989e-01
  1.55206728e-01  4.77242177e-05  9.97857713e-01
  1.56206095e-01  5.56782539e-05  9.97913391e-01
  1.57205461e-01  4.77242177e-05  9.97961115e-01
  1.58204828e-01  4.10958541e-05  9.98002211e-01
  1.59204194e-01  4.10958541e-05  9.98043307e-01
  1.60203561e-01  5.30269085e-05  9.98096334e-01
  1.61202928e-01  4.24215268e-05  9.98138756e-01
  1.62202294e-01  4.24215268e-05  9.98181177e-01
  1.63201661e-01  5.03755631e-05  9.98231553e-01
  1.64201028e-01  4.90498904e-05  9.98280602e-01
  1.65200394e-01  4.50728722e-05  9.98325675e-01
  1.66199761e-01  3.97701814e-05  9.98365446e-01
  1.67199127e-01  4.10958541e-05  9.98406541e-01
  1.68198494e-01  4.10958541e-05  9.98447637e-01
  1.69197861e-01  4.77242177e-05  9.98495361e-01
  1.70197227e-01  3.71188360e-05  9.98532480e-01
  1.71196594e-01  3.44674905e-05  9.98566948e-01
  1.72195961e-01  4.77242177e-05  9.98614672e-01
  1.73195327e-01  4.37471995e-05  9.98658419e-01
  1.74194694e-01  3.71188360e-05  9.98695538e-01
  1.75194060e-01  3.57931632e-05  9.98731331e-01
  1.76193427e-01  3.44674905e-05  9.98765799e-01
  1.77192794e-01  2.78391270e-05  9.98793638e-01
  1.78192160e-01  2.78391270e-05  9.98821477e-01
  1.79191527e-01  2.38621088e-05  9.98845339e-01
  1.80190894e-01  3.84445087e-05  9.98883784e-01
  1.81190260e-01  3.04904724e-05  9.98914274e-01
  1.82189627e-01  2.78391270e-05  9.98942113e-01
  1.83188993e-01  2.51877815e-05  9.98967301e-01
  1.84188360e-01  1.59080726e-05  9.98983209e-01
  1.85187727e-01  3.57931632e-05  9.99019002e-01
  1.86187093e-01  3.04904724e-05  9.99049493e-01
  1.87186460e-01  2.78391270e-05  9.99077332e-01
  1.88185826e-01  2.51877815e-05  9.99102520e-01
  1.89185193e-01  2.91647997e-05  9.99131684e-01
  1.90184560e-01  2.65134543e-05  9.99158198e-01
  1.91183926e-01  2.25364361e-05  9.99180734e-01
  1.92183293e-01  1.98850907e-05  9.99200619e-01
  1.93182660e-01  2.38621088e-05  9.99224481e-01
  1.94182026e-01  1.85594180e-05  9.99243041e-01
  1.95181393e-01  2.12107634e-05  9.99264252e-01
  1.96180759e-01  1.85594180e-05  9.99282811e-01
  1.97180126e-01  2.12107634e-05  9.99304022e-01
  1.98179493e-01  2.91647997e-05  9.99333187e-01
  1.99178859e-01  1.98850907e-05  9.99353072e-01
  2.00178226e-01  2.25364361e-05  9.99375608e-01
  2.01177593e-01  1.45823998e-05  9.99390191e-01
  2.02176959e-01  2.12107634e-05  9.99411401e-01
  2.03176326e-01  1.32567271e-05  9.99424658e-01
  2.04175692e-01  6.62836356e-06  9.99431286e-01
  2.05175059e-01  1.06053817e-05  9.99441892e-01
  2.06174426e-01  6.62836356e-06  9.99448520e-01
  2.07173792e-01  1.59080726e-05  9.99464428e-01
  2.08173159e-01  1.06053817e-05  9.99475034e-01
  2.09172526e-01  2.51877815e-05  9.99500221e-01
  2.10171892e-01  1.45823998e-05  9.99514804e-01
  2.11171259e-01  2.12107634e-05  9.99536015e-01
  2.12170625e-01  1.59080726e-05  9.99551923e-01
  2.13169992e-01  1.45823998e-05  9.99566505e-01
  2.14169359e-01  1.45823998e-05  9.99581087e-01
  2.15168725e-01  1.06053817e-05  9.99591693e-01
  2.16168092e-01  1.19310544e-05  9.99603624e-01
  2.17167459e-01  1.59080726e-05  9.99619532e-01
  2.18166825e-01  1.32567271e-05  9.99632789e-01
  2.19166192e-01  1.45823998e-05  9.99647371e-01
  2.20165558e-01  1.19310544e-05  9.99659302e-01
  2.21164925e-01  9.27970899e-06  9.99668582e-01
  2.22164292e-01  6.62836356e-06  9.99675210e-01
  2.23163658e-01  7.95403628e-06  9.99683164e-01
  2.24163025e-01  7.95403628e-06  9.99691118e-01
  2.25162392e-01  1.32567271e-05  9.99704375e-01
  2.26161758e-01  3.97701814e-06  9.99708352e-01
  2.27161125e-01  3.97701814e-06  9.99712329e-01
  2.28160491e-01  9.27970899e-06  9.99721609e-01
  2.29159858e-01  7.95403628e-06  9.99729563e-01
  2.30159225e-01  3.97701814e-06  9.99733540e-01
  2.31158591e-01  5.30269085e-06  9.99738842e-01
  2.32157958e-01  6.62836356e-06  9.99745471e-01
  2.33157325e-01  6.62836356e-06  9.99752099e-01
  2.34156691e-01  5.30269085e-06  9.99757402e-01
  2.35156058e-01  9.27970899e-06  9.99766682e-01
  2.36155424e-01  3.97701814e-06  9.99770659e-01
  2.37154791e-01  6.62836356e-06  9.99777287e-01
  2.38154158e-01  1.06053817e-05  9.99787892e-01
  2.39153524e-01  3.97701814e-06  9.99791869e-01
  2.40152891e-01  3.97701814e-06  9.99795846e-01
  2.41152258e-01  7.95403628e-06  9.99803800e-01
  2.42151624e-01  5.30269085e-06  9.99809103e-01
  2.43150991e-01  2.65134543e-06  9.99811754e-01
  2.44150357e-01  1.06053817e-05  9.99822360e-01
  2.45149724e-01  6.62836356e-06  9.99828988e-01
  2.46149091e-01  9.27970899e-06  9.99838268e-01
  2.47148457e-01  3.97701814e-06  9.99842245e-01
  2.48147824e-01  2.65134543e-06  9.99844896e-01
  2.49147191e-01  6.62836356e-06  9.99851525e-01
  2.50146557e-01  5.30269085e-06  9.99856827e-01
  2.51145924e-01  3.97701814e-06  9.99860804e-01
  2.52145290e-01  5.30269085e-06  9.99866107e-01
  2.53144657e-01  1.32567271e-06  9.99867433e-01
  2.54144024e-01  6.62836356e-06  9.99874061e-01
  2.55143390e-01  6.62836356e-06  9.99880689e-01
  2.56142757e-01  2.65134543e-06  9.99883341e-01
  2.57142124e-01  2.65134543e-06  9.99885992e-01
  2.58141490e-01  5.30269085e-06  9.99891295e-01
  2.59140857e-01  6.62836356e-06  9.99897923e-01
  2.60140223e-01  0.00000000e+00  9.99897923e-01
  2.61139590e-01  1.32567271e-06  9.99899249e-01
  2.62138957e-01  5.30269085e-06  9.99904552e-01
  2.63138323e-01  2.65134543e-06  9.99907203e-01
  2.64137690e-01  2.65134543e-06  9.99909854e-01
  2.65137057e-01  2.65134543e-06  9.99912506e-01
  2.66136423e-01  2.65134543e-06  9.99915157e-01
  2.67135790e-01  2.65134543e-06  9.99917808e-01
  2.68135156e-01  3.97701814e-06  9.99921785e-01
  2.69134523e-01  2.65134543e-06  9.99924437e-01
  2.70133890e-01  3.97701814e-06  9.99928414e-01
  2.71133256e-01  0.00000000e+00  9.99928414e-01
  2.72132623e-01  0.00000000e+00  9.99928414e-01
  2.73131989e-01  1.32567271e-06  9.99929739e-01
  2.74131356e-01  2.65134543e-06  9.99932391e-01
  2.75130723e-01  0.00000000e+00  9.99932391e-01
  2.76130089e-01  3.97701814e-06  9.99936368e-01
  2.77129456e-01  2.65134543e-06  9.99939019e-01
  2.78128823e-01  2.65134543e-06  9.99941670e-01
  2.79128189e-01  1.32567271e-06  9.99942996e-01
  2.80127556e-01  3.97701814e-06  9.99946973e-01
  2.81126922e-01  3.97701814e-06  9.99950950e-01
  2.82126289e-01  0.00000000e+00  9.99950950e-01
  2.83125656e-01  2.65134543e-06  9.99953601e-01
  2.84125022e-01  0.00000000e+00  9.99953601e-01
  2.85124389e-01  0.00000000e+00  9.99953601e-01
  2.86123756e-01  1.32567271e-06  9.99954927e-01
  2.87123122e-01  1.32567271e-06  9.99956253e-01
  2.88122489e-01  0.00000000e+00  9.99956253e-01
  2.89121855e-01  0.00000000e+00  9.99956253e-01
  2.90121222e-01  1.32567271e-06  9.99957578e-01
  2.91120589e-01  0.00000000e+00  9.99957578e-01
  2.92119955e-01  0.00000000e+00  9.99957578e-01
  2.93119322e-01  1.32567271e-06  9.99958904e-01
  2.94118689e-01  6.62836356e-06  9.99965533e-01
  2.95118055e-01  1.32567271e-06  9.99966858e-01
  2.96117422e-01  2.65134543e-06  9.99969510e-01
  2.97116788e-01  1.32567271e-06  9.99970835e-01
  2.98116155e-01  1.32567271e-06  9.99972161e-01
  2.99115522e-01  0.00000000e+00  9.99972161e-01
  3.00114888e-01  1.32567271e-06  9.99973487e-01
  3.01114255e-01  0.00000000e+00  9.99973487e-01
  3.02113622e-01  2.65134543e-06  9.99976138e-01
  3.03112988e-01  0.00000000e+00  9.99976138e-01
  3.04112355e-01  1.32567271e-06  9.99977464e-01
  3.05111721e-01  0.00000000e+00  9.99977464e-01
  3.06111088e-01  1.32567271e-06  9.99978789e-01
  3.07110455e-01  0.00000000e+00  9.99978789e-01
  3.08109821e-01  0.00000000e+00  9.99978789e-01
  3.09109188e-01  0.00000000e+00  9.99978789e-01
  3.10108555e-01  2.65134543e-06  9.99981441e-01
  3.11107921e-01  0.00000000e+00  9.99981441e-01
  3.12107288e-01  1.32567271e-06  9.99982766e-01
  3.13106654e-01  0.00000000e+00  9.99982766e-01
  3.14106021e-01  0.00000000e+00  9.99982766e-01
  3.15105388e-01  0.00000000e+00  9.99982766e-01
  3.16104754e-01  1.32567271e-06  9.99984092e-01
  3.17104121e-01  0.00000000e+00  9.99984092e-01
  3.18103488e-01  0.00000000e+00  9.99984092e-01
  3.19102854e-01  0.00000000e+00  9.99984092e-01
  3.20102221e-01  1.32567271e-06  9.99985418e-01
  3.21101587e-01  0.00000000e+00  9.99985418e-01
  3.22100954e-01  0.00000000e+00  9.99985418e-01
  3.23100321e-01  0.00000000e+00  9.99985418e-01
  3.24099687e-01  0.00000000e+00  9.99985418e-01
  3.25099054e-01  0.00000000e+00  9.99985418e-01
  3.26098421e-01  2.65134543e-06  9.99988069e-01
  3.27097787e-01  0.00000000e+00  9.99988069e-01
  3.28097154e-01  0.00000000e+00  9.99988069e-01
  3.29096520e-01  0.00000000e+00  9.99988069e-01
  3.30095887e-01  0.00000000e+00  9.99988069e-01
  3.31095254e-01  0.00000000e+00  9.99988069e-01
  3.32094620e-01  0.00000000e+00  9.99988069e-01
  3.33093987e-01  1.32567271e-06  9.99989395e-01
  3.34093354e-01  1.32567271e-06  9.99990720e-01
  3.35092720e-01  0.00000000e+00  9.99990720e-01
  3.36092087e-01  0.00000000e+00  9.99990720e-01
  3.37091453e-01  0.00000000e+00  9.99990720e-01
  3.38090820e-01  0.00000000e+00  9.99990720e-01
  3.39090187e-01  0.00000000e+00  9.99990720e-01
  3.40089553e-01  1.32567271e-06  9.99992046e-01
  3.41088920e-01  0.00000000e+00  9.99992046e-01
  3.42088287e-01  0.00000000e+00  9.99992046e-01
  3.43087653e-01  0.00000000e+00  9.99992046e-01
  3.44087020e-01  0.00000000e+00  9.99992046e-01
  3.45086386e-01  1.32567271e-06  9.99993372e-01
  3.46085753e-01  0.00000000e+00  9.99993372e-01
  3.47085120e-01  0.00000000e+00  9.99993372e-01
  3.48084486e-01  1.32567271e-06  9.99994697e-01
  3.49083853e-01  0.00000000e+00  9.99994697e-01
  3.50083220e-01  0.00000000e+00  9.99994697e-01
  3.51082586e-01  1.32567271e-06  9.99996023e-01
  3.52081953e-01  0.00000000e+00  9.99996023e-01
  3.53081319e-01  0.00000000e+00  9.99996023e-01
  3.54080686e-01  0.00000000e+00  9.99996023e-01
  3.55080053e-01  0.00000000e+00  9.99996023e-01
  3.56079419e-01  0.00000000e+00  9.99996023e-01
  3.57078786e-01  0.00000000e+00  9.99996023e-01
  3.58078152e-01  0.00000000e+00  9.99996023e-01
  3.59077519e-01  0.00000000e+00  9.99996023e-01
  3.60076886e-01  1.32567271e-06  9.99997349e-01
  3.61076252e-01  0.00000000e+00  9.99997349e-01
  3.62075619e-01  0.00000000e+00  9.99997349e-01
  3.63074986e-01  0.00000000e+00  9.99997349e-01
  3.64074352e-01  0.00000000e+00  9.99997349e-01
  3.65073719e-01  0.00000000e+00  9.99997349e-01
  3.66073085e-01  0.00000000e+00  9.99997349e-01
  3.67072452e-01  0.00000000e+00  9.99997349e-01
  3.68071819e-01  0.00000000e+00  9.99997349e-01
  3.69071185e-01  0.00000000e+00  9.99997349e-01
  3.70070552e-01  0.00000000e+00  9.99997349e-01
  3.71069919e-01  0.00000000e+00  9.99997349e-01
  3.72069285e-01  0.00000000e+00  9.99997349e-01
  3.73068652e-01  0.00000000e+00  9.99997349e-01
  3.74068018e-01  0.00000000e+00  9.99997349e-01
  3.75067385e-01  0.00000000e+00  9.99997349e-01
  3.76066752e-01  1.32567271e-06  9.99998674e-01
  3.77066118e-01  0.00000000e+00  9.99998674e-01
  3.78065485e-01  0.00000000e+00  9.99998674e-01
  3.79064852e-01  0.00000000e+00  9.99998674e-01
  3.80064218e-01  0.00000000e+00  9.99998674e-01
  3.81063585e-01  0.00000000e+00  9.99998674e-01
  3.82062951e-01  0.00000000e+00  9.99998674e-01
  3.83062318e-01  0.00000000e+00  9.99998674e-01
  3.84061685e-01  0.00000000e+00  9.99998674e-01
  3.85061051e-01  1.32567271e-06  1.00000000e+00
  3.86060418e-01  0.00000000e+00  1.00000000e+00
  3.87059785e-01  0.00000000e+00  1.00000000e+00
  3.88059151e-01  0.00000000e+00  1.00000000e+00
  3.89058518e-01  0.00000000e+00  1.00000000e+00
  3.90057884e-01  0.00000000e+00  1.00000000e+00
  3.91057251e-01  0.00000000e+00  1.00000000e+00
  3.92056618e-01  0.00000000e+00  1.00000000e+00
  3.93055984e-01  0.00000000e+00  1.00000000e+00
  3.94055351e-01  0.00000000e+00  1.00000000e+00
  3.95054718e-01  0.00000000e+00  1.00000000e+00
  3.96054084e-01  0.00000000e+00  1.00000000e+00
  3.97053451e-01  0.00000000e+00  1.00000000e+00
  3.98052817e-01  0.00000000e+00  1.00000000e+00
  3.99052184e-01  0.00000000e+00  1.00000000e+00
  4.00051551e-01  0.00000000e+00  1.00000000e+00
  4.01050917e-01  0.00000000e+00  1.00000000e+00
  4.02050284e-01  0.00000000e+00  1.00000000e+00
  4.03049651e-01  0.00000000e+00  1.00000000e+00
  4.04049017e-01  0.00000000e+00  1.00000000e+00
  4.05048384e-01  0.00000000e+00  1.00000000e+00
  4.06047750e-01  0.00000000e+00  1.00000000e+00
  4.07047117e-01  0.00000000e+00  1.00000000e+00
  4.08046484e-01  0.00000000e+00  1.00000000e+00
  4.09045850e-01  0.00000000e+00  1.00000000e+00
  4.10045217e-01  0.00000000e+00  1.00000000e+00
  4.11044584e-01  0.00000000e+00  1.00000000e+00
  4.12043950e-01  0.00000000e+00  1.00000000e+00
  4.13043317e-01  0.00000000e+00  1.00000000e+00
  4.14042683e-01  0.00000000e+00  1.00000000e+00
  4.15042050e-01  0.00000000e+00  1.00000000e+00
  4.16041417e-01  0.00000000e+00  1.00000000e+00
  4.17040783e-01  0.00000000e+00  1.00000000e+00
  4.18040150e-01  0.00000000e+00  1.00000000e+00
  4.19039517e-01  0.00000000e+00  1.00000000e+00
  4.20038883e-01  0.00000000e+00  1.00000000e+00
  4.21038250e-01  0.00000000e+00  1.00000000e+00
  4.22037616e-01  0.00000000e+00  1.00000000e+00
  4.23036983e-01  0.00000000e+00  1.00000000e+00
  4.24036350e-01  0.00000000e+00  1.00000000e+00
  4.25035716e-01  0.00000000e+00  1.00000000e+00
  4.26035083e-01  0.00000000e+00  1.00000000e+00
  4.27034450e-01  0.00000000e+00  1.00000000e+00
  4.28033816e-01  0.00000000e+00  1.00000000e+00
  4.29033183e-01  0.00000000e+00  1.00000000e+00
  4.30032549e-01  0.00000000e+00  1.00000000e+00
  4.31031916e-01  0.00000000e+00  1.00000000e+00
  4.32031283e-01  0.00000000e+00  1.00000000e+00
  4.33030649e-01  0.00000000e+00  1.00000000e+00
  4.34030016e-01  0.00000000e+00  1.00000000e+00
  4.35029383e-01  0.00000000e+00  1.00000000e+00
  4.36028749e-01  0.00000000e+00  1.00000000e+00
  4.37028116e-01  0.00000000e+00  1.00000000e+00
  4.38027482e-01  0.00000000e+00  1.00000000e+00
  4.39026849e-01  0.00000000e+00  1.00000000e+00
  4.40026216e-01  0.00000000e+00  1.00000000e+00
  4.41025582e-01  0.00000000e+00  1.00000000e+00
  4.42024949e-01  0.00000000e+00  1.00000000e+00
  4.43024316e-01  0.00000000e+00  1.00000000e+00
  4.44023682e-01  0.00000000e+00  1.00000000e+00
  4.45023049e-01  0.00000000e+00  1.00000000e+00
  4.46022415e-01  0.00000000e+00  1.00000000e+00
  4.47021782e-01  0.00000000e+00  1.00000000e+00
  4.48021149e-01  0.00000000e+00  1.00000000e+00
  4.49020515e-01  0.00000000e+00  1.00000000e+00
  4.50019882e-01  0.00000000e+00  1.00000000e+00
  4.51019248e-01  0.00000000e+00  1.00000000e+00
  4.52018615e-01  0.00000000e+00  1.00000000e+00
  4.53017982e-01  0.00000000e+00  1.00000000e+00
  4.54017348e-01  0.00000000e+00  1.00000000e+00
  4.55016715e-01  0.00000000e+00  1.00000000e+00
  4.56016082e-01  0.00000000e+00  1.00000000e+00
  4.57015448e-01  0.00000000e+00  1.00000000e+00
  4.58014815e-01  0.00000000e+00  1.00000000e+00
  4.59014181e-01  0.00000000e+00  1.00000000e+00
  4.60013548e-01  0.00000000e+00  1.00000000e+00
  4.61012915e-01  0.00000000e+00  1.00000000e+00
  4.62012281e-01  0.00000000e+00  1.00000000e+00
  4.63011648e-01  0.00000000e+00  1.00000000e+00
  4.64011015e-01  0.00000000e+00  1.00000000e+00
  4.65010381e-01  0.00000000e+00  1.00000000e+00
  4.66009748e-01  0.00000000e+00  1.00000000e+00
  4.67009114e-01  0.00000000e+00  1.00000000e+00
  4.68008481e-01  0.00000000e+00  1.00000000e+00
  4.69007848e-01  0.00000000e+00  1.00000000e+00
  4.70007214e-01  0.00000000e+00  1.00000000e+00
  4.71006581e-01  0.00000000e+00  1.00000000e+00
  4.72005948e-01  0.00000000e+00  1.00000000e+00
  4.73005314e-01  0.00000000e+00  1.00000000e+00
  4.74004681e-01  0.00000000e+00  1.00000000e+00
  4.75004047e-01  0.00000000e+00  1.00000000e+00
  4.76003414e-01  0.00000000e+00  1.00000000e+00
  4.77002781e-01  0.00000000e+00  1.00000000e+00
  4.78002147e-01  0.00000000e+00  1.00000000e+00
  4.79001514e-01  0.00000000e+00  1.00000000e+00
  4.80000881e-01  0.00000000e+00  1.00000000e+00
  4.81000247e-01  0.00000000e+00  1.00000000e+00
  4.81999614e-01  0.00000000e+00  1.00000000e+00
  4.82998980e-01  0.00000000e+00  1.00000000e+00
  4.83998347e-01  0.00000000e+00  1.00000000e+00
  4.84997714e-01  0.00000000e+00  1.00000000e+00
  4.85997080e-01  0.00000000e+00  1.00000000e+00
  4.86996447e-01  0.00000000e+00  1.00000000e+00
  4.87995814e-01  0.00000000e+00  1.00000000e+00
  4.88995180e-01  0.00000000e+00  1.00000000e+00
  4.89994547e-01  0.00000000e+00  1.00000000e+00
  4.90993913e-01  0.00000000e+00  1.00000000e+00
  4.91993280e-01  0.00000000e+00  1.00000000e+00
  4.92992647e-01  0.00000000e+00  1.00000000e+00
  4.93992013e-01  0.00000000e+00  1.00000000e+00
  4.94991380e-01  0.00000000e+00  1.00000000e+00
  4.95990747e-01  0.00000000e+00  1.00000000e+00
  4.96990113e-01  0.00000000e+00  1.00000000e+00
  4.97989480e-01  0.00000000e+00  1.00000000e+00
  4.98988846e-01  0.00000000e+00  1.00000000e+00
  4.99988213e-01  0.00000000e+00  1.00000000e+00
  5.00987580e-01  0.00000000e+00  1.00000000e+00
  5.01986946e-01  0.00000000e+00  1.00000000e+00
  5.02986313e-01  0.00000000e+00  1.00000000e+00
  5.03985680e-01  0.00000000e+00  1.00000000e+00
  5.04985046e-01  0.00000000e+00  1.00000000e+00
  5.05984413e-01  0.00000000e+00  1.00000000e+00
  5.06983779e-01  0.00000000e+00  1.00000000e+00
  5.07983146e-01  0.00000000e+00  1.00000000e+00
  5.08982513e-01  0.00000000e+00  1.00000000e+00
  5.09981879e-01  0.00000000e+00  1.00000000e+00
  5.10981246e-01  0.00000000e+00  1.00000000e+00
  5.11980613e-01  0.00000000e+00  1.00000000e+00
  5.12979979e-01  0.00000000e+00  1.00000000e+00
  5.13979346e-01  0.00000000e+00  1.00000000e+00
  5.14978712e-01  0.00000000e+00  1.00000000e+00
  5.15978079e-01  0.00000000e+00  1.00000000e+00
  5.16977446e-01  0.00000000e+00  1.00000000e+00
  5.17976812e-01  0.00000000e+00  1.00000000e+00
  5.18976179e-01  0.00000000e+00  1.00000000e+00
  5.19975546e-01  0.00000000e+00  1.00000000e+00
  5.20974912e-01  0.00000000e+00  1.00000000e+00
  5.21974279e-01  0.00000000e+00  1.00000000e+00
  5.22973645e-01  0.00000000e+00  1.00000000e+00
  5.23973012e-01  0.00000000e+00  1.00000000e+00
  5.24972379e-01  0.00000000e+00  1.00000000e+00
  5.25971745e-01  0.00000000e+00  1.00000000e+00
  5.26971112e-01  0.00000000e+00  1.00000000e+00
  5.27970479e-01  0.00000000e+00  1.00000000e+00
  5.28969845e-01  0.00000000e+00  1.00000000e+00
  5.29969212e-01  0.00000000e+00  1.00000000e+00
  5.30968578e-01  0.00000000e+00  1.00000000e+00
  5.31967945e-01  0.00000000e+00  1.00000000e+00
  5.32967312e-01  0.00000000e+00  1.00000000e+00
  5.33966678e-01  0.00000000e+00  1.00000000e+00
  5.34966045e-01  0.00000000e+00  1.00000000e+00
  5.35965411e-01  0.00000000e+00  1.00000000e+00
  5.36964778e-01  0.00000000e+00  1.00000000e+00
  5.37964145e-01  0.00000000e+00  1.00000000e+00
  5.38963511e-01  0.00000000e+00  1.00000000e+00
  5.39962878e-01  0.00000000e+00  1.00000000e+00
  5.40962245e-01  0.00000000e+00  1.00000000e+00
  5.41961611e-01  0.00000000e+00  1.00000000e+00
  5.42960978e-01  0.00000000e+00  1.00000000e+00
  5.43960344e-01  0.00000000e+00  1.00000000e+00
  5.44959711e-01  0.00000000e+00  1.00000000e+00
  5.45959078e-01  0.00000000e+00  1.00000000e+00
  5.46958444e-01  0.00000000e+00  1.00000000e+00
  5.47957811e-01  0.00000000e+00  1.00000000e+00
  5.48957178e-01  0.00000000e+00  1.00000000e+00
  5.49956544e-01  0.00000000e+00  1.00000000e+00
  5.50955911e-01  0.00000000e+00  1.00000000e+00
  5.51955277e-01  0.00000000e+00  1.00000000e+00
  5.52954644e-01  0.00000000e+00  1.00000000e+00
  5.53954011e-01  0.00000000e+00  1.00000000e+00
  5.54953377e-01  0.00000000e+00  1.00000000e+00
  5.55952744e-01  0.00000000e+00  1.00000000e+00
  5.56952111e-01  0.00000000e+00  1.00000000e+00
  5.57951477e-01  0.00000000e+00  1.00000000e+00
  5.58950844e-01  0.00000000e+00  1.00000000e+00
  5.59950210e-01  0.00000000e+00  1.00000000e+00
  5.60949577e-01  0.00000000e+00  1.00000000e+00
  5.61948944e-01  0.00000000e+00  1.00000000e+00
  5.62948310e-01  0.00000000e+00  1.00000000e+00
  5.63947677e-01  0.00000000e+00  1.00000000e+00
  5.64947044e-01  0.00000000e+00  1.00000000e+00
  5.65946410e-01  0.00000000e+00  1.00000000e+00
  5.66945777e-01  0.00000000e+00  1.00000000e+00
  5.67945143e-01  0.00000000e+00  1.00000000e+00
  5.68944510e-01  0.00000000e+00  1.00000000e+00
  5.69943877e-01  0.00000000e+00  1.00000000e+00
  5.70943243e-01  0.00000000e+00  1.00000000e+00
  5.71942610e-01  0.00000000e+00  1.00000000e+00
  5.72941977e-01  0.00000000e+00  1.00000000e+00
  5.73941343e-01  0.00000000e+00  1.00000000e+00
  5.74940710e-01  0.00000000e+00  1.00000000e+00
  5.75940076e-01  0.00000000e+00  1.00000000e+00
  5.76939443e-01  0.00000000e+00  1.00000000e+00
  5.77938810e-01  0.00000000e+00  1.00000000e+00
  5.78938176e-01  0.00000000e+00  1.00000000e+00
  5.79937543e-01  0.00000000e+00  1.00000000e+00
  5.80936910e-01  0.00000000e+00  1.00000000e+00
  5.81936276e-01  0.00000000e+00  1.00000000e+00
  5.82935643e-01  0.00000000e+00  1.00000000e+00
  5.83935009e-01  0.00000000e+00  1.00000000e+00
  5.84934376e-01  0.00000000e+00  1.00000000e+00
  5.85933743e-01  0.00000000e+00  1.00000000e+00
  5.86933109e-01  0.00000000e+00  1.00000000e+00
  5.87932476e-01  0.00000000e+00  1.00000000e+00
  5.88931843e-01  0.00000000e+00  1.00000000e+00
  5.89931209e-01  0.00000000e+00  1.00000000e+00
  5.90930576e-01  0.00000000e+00  1.00000000e+00
  5.91929942e-01  0.00000000e+00  1.00000000e+00
  5.92929309e-01  0.00000000e+00  1.00000000e+00
  5.93928676e-01  0.00000000e+00  1.00000000e+00
  5.94928042e-01  0.00000000e+00  1.00000000e+00
  5.95927409e-01  0.00000000e+00  1.00000000e+00
  5.96926776e-01  0.00000000e+00  1.00000000e+00
  5.97926142e-01  0.00000000e+00  1.00000000e+00
  5.98925509e-01  0.00000000e+00  1.00000000e+00
  5.99924875e-01  0.00000000e+00  1.00000000e+00
  6.00924242e-01  0.00000000e+00  1.00000000e+00
  6.01923609e-01  0.00000000e+00  1.00000000e+00
  6.02922975e-01  0.00000000e+00  1.00000000e+00
  6.03922342e-01  0.00000000e+00  1.00000000e+00
  6.04921709e-01  0.00000000e+00  1.00000000e+00
  6.05921075e-01  0.00000000e+00  1.00000000e+00
  6.06920442e-01  0.00000000e+00  1.00000000e+00
  6.07919808e-01  0.00000000e+00  1.00000000e+00
  6.08919175e-01  0.00000000e+00  1.00000000e+00
  6.09918542e-01  0.00000000e+00  1.00000000e+00
  6.10917908e-01  0.00000000e+00  1.00000000e+00
  6.11917275e-01  0.00000000e+00  1.00000000e+00
  6.12916642e-01  0.00000000e+00  1.00000000e+00
  6.13916008e-01  0.00000000e+00  1.00000000e+00
  6.14915375e-01  0.00000000e+00  1.00000000e+00
  6.15914741e-01  0.00000000e+00  1.00000000e+00
  6.16914108e-01  0.00000000e+00  1.00000000e+00
  6.17913475e-01  0.00000000e+00  1.00000000e+00
  6.18912841e-01  0.00000000e+00  1.00000000e+00
  6.19912208e-01  0.00000000e+00  1.00000000e+00
  6.20911574e-01  0.00000000e+00  1.00000000e+00
  6.21910941e-01  0.00000000e+00  1.00000000e+00
  6.22910308e-01  0.00000000e+00  1.00000000e+00
  6.23909674e-01  0.00000000e+00  1.00000000e+00
  6.24909041e-01  0.00000000e+00  1.00000000e+00
  6.25908408e-01  0.00000000e+00  1.00000000e+00
  6.26907774e-01  0.00000000e+00  1.00000000e+00
  6.27907141e-01  0.00000000e+00  1.00000000e+00
  6.28906507e-01  0.00000000e+00  1.00000000e+00
  6.29905874e-01  0.00000000e+00  1.00000000e+00
  6.30905241e-01  0.00000000e+00  1.00000000e+00
  6.31904607e-01  0.00000000e+00  1.00000000e+00
  6.32903974e-01  0.00000000e+00  1.00000000e+00
  6.33903341e-01  0.00000000e+00  1.00000000e+00
  6.34902707e-01  0.00000000e+00  1.00000000e+00
  6.35902074e-01  0.00000000e+00  1.00000000e+00
  6.36901440e-01  0.00000000e+00  1.00000000e+00
  6.37900807e-01  0.00000000e+00  1.00000000e+00
  6.38900174e-01  0.00000000e+00  1.00000000e+00
  6.39899540e-01  0.00000000e+00  1.00000000e+00
  6.40898907e-01  0.00000000e+00  1.00000000e+00
  6.41898274e-01  0.00000000e+00  1.00000000e+00
  6.42897640e-01  0.00000000e+00  1.00000000e+00
  6.43897007e-01  0.00000000e+00  1.00000000e+00
  6.44896373e-01  0.00000000e+00  1.00000000e+00
  6.45895740e-01  0.00000000e+00  1.00000000e+00
  6.46895107e-01  0.00000000e+00  1.00000000e+00
  6.47894473e-01  0.00000000e+00  1.00000000e+00
  6.48893840e-01  0.00000000e+00  1.00000000e+00
  6.49893207e-01  0.00000000e+00  1.00000000e+00
  6.50892573e-01  0.00000000e+00  1.00000000e+00
  6.51891940e-01  0.00000000e+00  1.00000000e+00
  6.52891306e-01  0.00000000e+00  1.00000000e+00
  6.53890673e-01  0.00000000e+00  1.00000000e+00
  6.54890040e-01  0.00000000e+00  1.00000000e+00
  6.55889406e-01  0.00000000e+00  1.00000000e+00
  6.56888773e-01  0.00000000e+00  1.00000000e+00
  6.57888140e-01  0.00000000e+00  1.00000000e+00
  6.58887506e-01  0.00000000e+00  1.00000000e+00
  6.59886873e-01  0.00000000e+00  1.00000000e+00
  6.60886239e-01  0.00000000e+00  1.00000000e+00
  6.61885606e-01  0.00000000e+00  1.00000000e+00
  6.62884973e-01  0.00000000e+00  1.00000000e+00
