 -1.35329766e-01  0.00000000e+00  0.00000000e+00
 -1.34330399e-01  1.32536875e-06  1.32536875e-06
 -1.33331032e-01  0.00000000e+00  1.32536875e-06
 -1.32331666e-01  0.00000000e+00  1.32536875e-06
 -1.31332299e-01  0.00000000e+00  1.32536875e-06
 -1.30332933e-01  0.00000000e+00  1.32536875e-06
 -1.29333566e-01  0.00000000e+00  1.32536875e-06
 -1.28334199e-01  0.00000000e+00  1.32536875e-06
 -1.27334833e-01  0.00000000e+00  1.32536875e-06
 -1.26335466e-01  0.00000000e+00  1.32536875e-06
 -1.25336099e-01  0.00000000e+00  1.32536875e-06
 -1.24336733e-01  0.00000000e+00  1.32536875e-06
 -1.23337366e-01  0.00000000e+00  1.32536875e-06
 -1.22338000e-01  0.00000000e+00  1.32536875e-06
 -1.21338633e-01  0.00000000e+00  1.32536875e-06
 -1.20339266e-01  0.00000000e+00  1.32536875e-06
 -1.19339900e-01  0.00000000e+00  1.32536875e-06
 -1.18340533e-01  1.32536875e-06  2.65073750e-06
 -1.17341166e-01  0.00000000e+00  2.65073750e-06
 -1.16341800e-01  0.00000000e+00  2.65073750e-06
 -1.15342433e-01  0.00000000e+00  2.65073750e-06
 -1.14343067e-01  0.00000000e+00  2.65073750e-06
 -1.13343700e-01  0.00000000e+00  2.65073750e-06
 -1.12344333e-01  0.00000000e+00  2.65073750e-06
 -1.11344967e-01  0.00000000e+00  2.65073750e-06
 -1.10345600e-01  0.00000000e+00  2.65073750e-06
 -1.09346233e-01  0.00000000e+00  2.65073750e-06
 -1.08346867e-01  0.00000000e+00  2.65073750e-06
 -1.07347500e-01  0.00000000e+00  2.65073750e-06
 -1.06348134e-01  0.00000000e+00  2.65073750e-06
 -1.05348767e-01  0.00000000e+00  2.65073750e-06
 -1.04349400e-01  0.00000000e+00  2.65073750e-06
 -1.03350034e-01  0.00000000e+00  2.65073750e-06
 -1.02350667e-01  0.00000000e+00  2.65073750e-06
 -1.01351300e-01  0.00000000e+00  2.65073750e-06
 -1.00351934e-01  0.00000000e+00  2.65073750e-06
 -9.93525672e-02  0.00000000e+00  2.65073750e-06
 -9.83532006e-02  0.00000000e+00  2.65073750e-06
 -9.73538340e-02  0.00000000e+00  2.65073750e-06
 -9.63544674e-02  1.32536875e-06  3.97610625e-06
 -9.53551007e-02  0.00000000e+00  3.97610625e-06
 -9.43557341e-02  0.00000000e+00  3.97610625e-06
 -9.33563675e-02  0.00000000e+00  3.97610625e-06
 -9.23570009e-02  0.00000000e+00  3.97610625e-06
 -9.13576343e-02  1.32536875e-06  5.30147500e-06
 -9.03582676e-02  0.00000000e+00  5.30147500e-06
 -8.93589010e-02  0.00000000e+00  5.30147500e-06
 -8.83595344e-02  0.00000000e+00  5.30147500e-06
 -8.73601678e-02  0.00000000e+00  5.30147500e-06
 -8.63608011e-02  0.00000000e+00  5.30147500e-06
 -8.53614345e-02  0.00000000e+00  5.30147500e-06
 -8.43620679e-02  1.32536875e-06  6.62684375e-06
 -8.33627013e-02  0.00000000e+00  6.62684375e-06
 -8.23633346e-02  0.00000000e+00  6.62684375e-06
 -8.13639680e-02  0.00000000e+00  6.62684375e-06
 -8.03646014e-02  0.00000000e+00  6.62684375e-06
 -7.93652348e-02  0.00000000e+00  6.62684375e-06
 -7.83658681e-02  0.00000000e+00  6.62684375e-06
 -7.73665015e-02  0.00000000e+00  6.62684375e-06
 -7.63671349e-02  0.00000000e+00  6.62684375e-06
 -7.53677683e-02  0.00000000e+00  6.62684375e-06
 -7.43684017e-02  1.32536875e-06  7.95221250e-06
 -7.33690350e-02  0.00000000e+00  7.95221250e-06
 -7.23696684e-02  0.00000000e+00  7.95221250e-06
 -7.13703018e-02  0.00000000e+00  7.95221250e-06
 -7.03709352e-02  0.00000000e+00  7.95221250e-06
 -6.93715685e-02  0.00000000e+00  7.95221250e-06
 -6.83722019e-02  0.00000000e+00  7.95221250e-06
 -6.73728353e-02  0.00000000e+00  7.95221250e-06
 -6.63734687e-02  0.00000000e+00  7.95221250e-06
 -6.53741020e-02  1.32536875e-06  9.27758126e-06
 -6.43747354e-02  0.00000000e+00  9.27758126e-06
 -6.33753688e-02  0.00000000e+00  9.27758126e-06
 -6.23760022e-02  1.32536875e-06  1.06029500e-05
 -6.13766355e-02  1.32536875e-06  1.19283188e-05
 -6.03772689e-02  2.65073750e-06  1.45790563e-05
 -5.93779023e-02  0.00000000e+00  1.45790563e-05
 -5.83785357e-02  0.00000000e+00  1.45790563e-05
 -5.73791690e-02  1.32536875e-06  1.59044250e-05
 -5.63798024e-02  0.00000000e+00  1.59044250e-05
 -5.53804358e-02  1.32536875e-06  1.72297938e-05
 -5.43810692e-02  0.00000000e+00  1.72297938e-05
 -5.33817026e-02  0.00000000e+00  1.72297938e-05
 -5.23823359e-02  0.00000000e+00  1.72297938e-05
 -5.13829693e-02  0.00000000e+00  1.72297938e-05
 -5.03836027e-02  0.00000000e+00  1.72297938e-05
 -4.93842361e-02  0.00000000e+00  1.72297938e-05
 -4.83848694e-02  0.00000000e+00  1.72297938e-05
 -4.73855028e-02  0.00000000e+00  1.72297938e-05
 -4.63861362e-02  2.65073750e-06  1.98805313e-05
 -4.53867696e-02  0.00000000e+00  1.98805313e-05
 -4.43874029e-02  0.00000000e+00  1.98805313e-05
 -4.33880363e-02  0.00000000e+00  1.98805313e-05
 -4.23886697e-02  1.32536875e-06  2.12059000e-05
 -4.13893031e-02  1.32536875e-06  2.25312688e-05
 -4.03899364e-02  0.00000000e+00  2.25312688e-05
 -3.93905698e-02  1.32536875e-06  2.38566375e-05
 -3.83912032e-02  0.00000000e+00  2.38566375e-05
 -3.73918366e-02  0.00000000e+00  2.38566375e-05
 -3.63924700e-02  1.32536875e-06  2.51820063e-05
 -3.53931033e-02  1.32536875e-06  2.65073750e-05
 -3.43937367e-02  0.00000000e+00  2.65073750e-05
 -3.33943701e-02  0.00000000e+00  2.65073750e-05
 -3.23950035e-02  0.00000000e+00  2.65073750e-05
 -3.13956368e-02  0.00000000e+00  2.65073750e-05
 -3.03962702e-02  0.00000000e+00  2.65073750e-05
 -2.93969036e-02  0.00000000e+00  2.65073750e-05
 -2.83975370e-02  2.65073750e-06  2.91581125e-05
 -2.73981703e-02  0.00000000e+00  2.91581125e-05
 -2.63988037e-02  1.32536875e-06  3.04834813e-05
 -2.53994371e-02  0.00000000e+00  3.04834813e-05
 -2.44000705e-02  1.32536875e-06  3.18088500e-05
 -2.34007038e-02  1.32536875e-06  3.31342188e-05
 -2.24013372e-02  1.32536875e-06  3.44595875e-05
 -2.14019706e-02  1.32536875e-06  3.57849563e-05
 -2.04026040e-02  1.32536875e-06  3.71103250e-05
 -1.94032374e-02  0.00000000e+00  3.71103250e-05
 -1.84038707e-02  0.00000000e+00  3.71103250e-05
 -1.74045041e-02  0.00000000e+00  3.71103250e-05
 -1.64051375e-02  1.32536875e-06  3.84356938e-05
 -1.54057709e-02  1.32536875e-06  3.97610625e-05
 -1.44064042e-02  0.00000000e+00  3.97610625e-05
 -1.34070376e-02  1.32536875e-06  4.10864313e-05
 -1.24076710e-02  1.32536875e-06  4.24118000e-05
 -1.14083044e-02  1.32536875e-06  4.37371688e-05
 -1.04089377e-02  1.32536875e-06  4.50625375e-05
 -9.40957112e-03  3.97610625e-06  4.90386438e-05
 -8.41020449e-03  0.00000000e+00  4.90386438e-05
 -7.41083787e-03  1.32536875e-06  5.03640125e-05
 -6.41147125e-03  1.32536875e-06  5.16893813e-05
 -5.41210462e-03  1.32536875e-06  5.30147500e-05
 -4.41273800e-03  1.32536875e-06  5.43401188e-05
 -3.41337138e-03  1.32536875e-06  5.56654875e-05
 -2.41400475e-03  0.00000000e+00  5.56654875e-05
 -1.41463813e-03  0.00000000e+00  5.56654875e-05
 -4.15271505e-04  1.32536875e-06  5.69908563e-05
  5.84095118e-04  0.00000000e+00  5.69908563e-05
  1.58346174e-03  0.00000000e+00  5.69908563e-05
  2.58282837e-03  1.32536875e-06  5.83162250e-05
  3.58219499e-03  1.32536875e-06  5.96415938e-05
  4.58156161e-03  1.32536875e-06  6.09669625e-05
  5.58092824e-03  3.97610625e-06  6.49430688e-05
  6.58029486e-03  2.65073750e-06  6.75938063e-05
  7.57966148e-03  5.30147500e-06  7.28952813e-05
  8.57902811e-03  1.32536875e-06  7.42206500e-05
  9.57839473e-03  1.32536875e-06  7.55460188e-05
  1.05777614e-02  3.97610625e-06  7.95221250e-05
  1.15771280e-02  3.97610625e-06  8.34982313e-05
  1.25764946e-02  1.32536875e-06  8.48236000e-05
  1.35758612e-02  1.32536875e-06  8.61489688e-05
  1.45752278e-02  0.00000000e+00  8.61489688e-05
  1.55745945e-02  1.32536875e-06  8.74743375e-05
  1.65739611e-02  2.65073750e-06  9.01250750e-05
  1.75733277e-02  1.32536875e-06  9.14504438e-05
  1.85726943e-02  2.65073750e-06  9.41011813e-05
  1.95720610e-02  3.97610625e-06  9.80772876e-05
  2.05714276e-02  1.32536875e-06  9.94026563e-05
  2.15707942e-02  2.65073750e-06  1.02053394e-04
  2.25701608e-02  3.97610625e-06  1.06029500e-04
  2.35695275e-02  3.97610625e-06  1.10005606e-04
  2.45688941e-02  3.97610625e-06  1.13981713e-04
  2.55682607e-02  6.62684375e-06  1.20608556e-04
  2.65676273e-02  2.65073750e-06  1.23259294e-04
  2.75669940e-02  6.62684375e-06  1.29886138e-04
  2.85663606e-02  1.06029500e-05  1.40489088e-04
  2.95657272e-02  3.97610625e-06  1.44465194e-04
  3.05650938e-02  5.30147500e-06  1.49766669e-04
  3.15644604e-02  2.65073750e-06  1.52417406e-04
  3.25638271e-02  3.97610625e-06  1.56393513e-04
  3.35631937e-02  7.95221250e-06  1.64345725e-04
  3.45625603e-02  2.65073750e-06  1.66996463e-04
  3.55619269e-02  7.95221250e-06  1.74948675e-04
  3.65612936e-02  2.65073750e-06  1.77599413e-04
  3.75606602e-02  2.65073750e-06  1.80250150e-04
  3.85600268e-02  5.30147500e-06  1.85551625e-04
  3.95593934e-02  5.30147500e-06  1.90853100e-04
  4.05587601e-02  6.62684375e-06  1.97479944e-04
  4.15581267e-02  7.95221250e-06  2.05432156e-04
  4.25574933e-02  6.62684375e-06  2.12059000e-04
  4.35568599e-02  2.65073750e-06  2.14709738e-04
  4.45562266e-02  1.32536875e-06  2.16035106e-04
  4.55555932e-02  9.27758126e-06  2.25312688e-04
  4.65549598e-02  2.65073750e-06  2.27963425e-04
  4.75543264e-02  1.32536875e-06  2.29288794e-04
  4.85536930e-02  9.27758126e-06  2.38566375e-04
  4.95530597e-02  5.30147500e-06  2.43867850e-04
  5.05524263e-02  7.95221250e-06  2.51820063e-04
  5.15517929e-02  7.95221250e-06  2.59772275e-04
  5.25511595e-02  7.95221250e-06  2.67724488e-04
  5.35505262e-02  6.62684375e-06  2.74351331e-04
  5.45498928e-02  6.62684375e-06  2.80978175e-04
  5.55492594e-02  1.32536875e-05  2.94231863e-04
  5.65486260e-02  6.62684375e-06  3.00858706e-04
  5.75479927e-02  2.65073750e-06  3.03509444e-04
  5.85473593e-02  9.27758126e-06  3.12787025e-04
  5.95467259e-02  1.06029500e-05  3.23389975e-04
  6.05460925e-02  1.06029500e-05  3.33992925e-04
  6.15454592e-02  9.27758126e-06  3.43270506e-04
  6.25448258e-02  6.62684375e-06  3.49897350e-04
  6.35441924e-02  3.97610625e-06  3.53873456e-04
  6.45435590e-02  6.62684375e-06  3.60500300e-04
  6.55429257e-02  1.06029500e-05  3.71103250e-04
  6.65422923e-02  1.06029500e-05  3.81706200e-04
  6.75416589e-02  1.85551625e-05  4.00261363e-04
  6.85410255e-02  1.59044250e-05  4.16165788e-04
  6.95403921e-02  1.06029500e-05  4.26768738e-04
  7.05397588e-02  6.62684375e-06  4.33395581e-04
  7.15391254e-02  6.62684375e-06  4.40022425e-04
  7.25384920e-02  1.45790563e-05  4.54601481e-04
  7.35378586e-02  6.62684375e-06  4.61228325e-04
  7.45372253e-02  1.06029500e-05  4.71831275e-04
  7.55365919e-02  1.45790563e-05  4.86410332e-04
  7.65359585e-02  1.45790563e-05  5.00989388e-04
  7.75353251e-02  1.19283188e-05  5.12917707e-04
  7.85346918e-02  1.32536875e-05  5.26171394e-04
  7.95340584e-02  1.72297938e-05  5.43401188e-04
  8.05334250e-02  1.32536875e-05  5.56654875e-04
  8.15327916e-02  1.98805313e-05  5.76535407e-04
  8.25321583e-02  1.06029500e-05  5.87138357e-04
  8.35315249e-02  1.45790563e-05  6.01717413e-04
  8.45308915e-02  1.98805313e-05  6.21597944e-04
  8.55302581e-02  1.72297938e-05  6.38827738e-04
  8.65296247e-02  1.98805313e-05  6.58708269e-04
  8.75289914e-02  1.06029500e-05  6.69311219e-04
  8.85283580e-02  2.25312688e-05  6.91842488e-04
  8.95277246e-02  1.98805313e-05  7.11723019e-04
  9.05270912e-02  1.19283188e-05  7.23651338e-04
  9.15264579e-02  1.85551625e-05  7.42206500e-04
  9.25258245e-02  1.85551625e-05  7.60761663e-04
  9.35251911e-02  2.38566375e-05  7.84618300e-04
  9.45245577e-02  2.25312688e-05  8.07149569e-04
  9.55239244e-02  9.27758126e-06  8.16427150e-04
  9.65232910e-02  1.59044250e-05  8.32331575e-04
  9.75226576e-02  3.18088500e-05  8.64140425e-04
  9.85220242e-02  2.51820063e-05  8.89322432e-04
  9.95213909e-02  2.25312688e-05  9.11853700e-04
  1.00520757e-01  1.85551625e-05  9.30408863e-04
  1.01520124e-01  1.45790563e-05  9.44987919e-04
  1.02519491e-01  2.12059000e-05  9.66193819e-04
  1.03518857e-01  2.25312688e-05  9.88725088e-04
  1.04518224e-01  2.51820063e-05  1.01390709e-03
  1.05517591e-01  2.65073750e-05  1.04041447e-03
  1.06516957e-01  2.51820063e-05  1.06559648e-03
  1.07516324e-01  2.78327438e-05  1.09342922e-03
  1.08515690e-01  2.91581125e-05  1.12258733e-03
  1.09515057e-01  3.18088500e-05  1.15439618e-03
  1.10514424e-01  3.44595875e-05  1.18885577e-03
  1.11513790e-01  2.12059000e-05  1.21006167e-03
  1.12513157e-01  3.04834813e-05  1.24054515e-03
  1.13512524e-01  3.31342188e-05  1.27367937e-03
  1.14511890e-01  2.38566375e-05  1.29753601e-03
  1.15511257e-01  3.71103250e-05  1.33464633e-03
  1.16510623e-01  2.38566375e-05  1.35850297e-03
  1.17509990e-01  3.71103250e-05  1.39561329e-03
  1.18509357e-01  5.56654875e-05  1.45127878e-03
  1.19508723e-01  4.37371688e-05  1.49501595e-03
  1.20508090e-01  4.37371688e-05  1.53875312e-03
  1.21507457e-01  3.31342188e-05  1.57188734e-03
  1.22506823e-01  2.91581125e-05  1.60104545e-03
  1.23506190e-01  4.50625375e-05  1.64610799e-03
  1.24505556e-01  3.97610625e-05  1.68586905e-03
  1.25504923e-01  3.04834813e-05  1.71635253e-03
  1.26504290e-01  3.04834813e-05  1.74683601e-03
  1.27503656e-01  3.44595875e-05  1.78129560e-03
  1.28503023e-01  3.97610625e-05  1.82105666e-03
  1.29502390e-01  4.50625375e-05  1.86611920e-03
  1.30501756e-01  3.57849563e-05  1.90190416e-03
  1.31501123e-01  2.78327438e-05  1.92973690e-03
  1.32500489e-01  4.63879063e-05  1.97612481e-03
  1.33499856e-01  3.18088500e-05  2.00793366e-03
  1.34499223e-01  4.90386438e-05  2.05697230e-03
  1.35498589e-01  5.69908563e-05  2.11396316e-03
  1.36497956e-01  4.77132750e-05  2.16167643e-03
  1.37497323e-01  3.44595875e-05  2.19613602e-03
  1.38496689e-01  3.97610625e-05  2.23589708e-03
  1.39496056e-01  5.03640125e-05  2.28626109e-03
  1.40495422e-01  6.22923313e-05  2.34855343e-03
  1.41494789e-01  5.03640125e-05  2.39891744e-03
  1.42494156e-01  6.49430688e-05  2.46386051e-03
  1.43493522e-01  4.37371688e-05  2.50759768e-03
  1.44492889e-01  5.96415938e-05  2.56723927e-03
  1.45492256e-01  5.96415938e-05  2.62688086e-03
  1.46491622e-01  5.03640125e-05  2.67724488e-03
  1.47490989e-01  5.16893813e-05  2.72893426e-03
  1.48490355e-01  5.43401188e-05  2.78327438e-03
  1.49489722e-01  4.63879063e-05  2.82966228e-03
  1.50489089e-01  6.89191750e-05  2.89858146e-03
  1.51488455e-01  7.81967563e-05  2.97677821e-03
  1.52487822e-01  5.43401188e-05  3.03111833e-03
  1.53487189e-01  5.56654875e-05  3.08678382e-03
  1.54486555e-01  6.22923313e-05  3.14907615e-03
  1.55485922e-01  5.43401188e-05  3.20341627e-03
  1.56485288e-01  5.69908563e-05  3.26040713e-03
  1.57484655e-01  6.75938063e-05  3.32800093e-03
  1.58484022e-01  7.95221250e-05  3.40752306e-03
  1.59483388e-01  9.27758126e-05  3.50029887e-03
  1.60482755e-01  6.62684375e-05  3.56656731e-03
  1.61482122e-01  6.62684375e-05  3.63283575e-03
  1.62481488e-01  9.54265501e-05  3.72826230e-03
  1.63480855e-01  6.89191750e-05  3.79718147e-03
  1.64480221e-01  7.15699125e-05  3.86875138e-03
  1.65479588e-01  8.21728625e-05  3.95092425e-03
  1.66478955e-01  8.21728625e-05  4.03309711e-03
  1.67478321e-01  7.81967563e-05  4.11129386e-03
  1.68477688e-01  8.08474938e-05  4.19214136e-03
  1.69477055e-01  6.36177000e-05  4.25575906e-03
  1.70476421e-01  6.89191750e-05  4.32467823e-03
  1.71475788e-01  7.81967563e-05  4.40287499e-03
  1.72475154e-01  7.15699125e-05  4.47444490e-03
  1.73474521e-01  9.41011813e-05  4.56854608e-03
  1.74473888e-01  6.89191750e-05  4.63746526e-03
  1.75473254e-01  6.75938063e-05  4.70505907e-03
  1.76472621e-01  9.27758126e-05  4.79783488e-03
  1.77471987e-01  7.68713875e-05  4.87470627e-03
  1.78471354e-01  8.21728625e-05  4.95687913e-03
  1.79470721e-01  7.15699125e-05  5.02844904e-03
  1.80470087e-01  1.04704131e-04  5.13315317e-03
  1.81469454e-01  8.34982313e-05  5.21665140e-03
  1.82468821e-01  9.01250750e-05  5.30677648e-03
  1.83468187e-01  8.34982313e-05  5.39027471e-03
  1.84467554e-01  8.08474938e-05  5.47112220e-03
  1.85466920e-01  8.08474938e-05  5.55196970e-03
  1.86466287e-01  9.27758126e-05  5.64474551e-03
  1.87465654e-01  8.48236000e-05  5.72956911e-03
  1.88465020e-01  1.27235400e-04  5.85680451e-03
  1.89464387e-01  9.41011813e-05  5.95090569e-03
  1.90463754e-01  9.80772876e-05  6.04898298e-03
  1.91463120e-01  1.08680238e-04  6.15766322e-03
  1.92462487e-01  1.06029500e-04  6.26369272e-03
  1.93461853e-01  9.80772876e-05  6.36177000e-03
  1.94461220e-01  1.08680238e-04  6.47045024e-03
  1.95460587e-01  1.02053394e-04  6.57250363e-03
  1.96459953e-01  9.80772876e-05  6.67058092e-03
  1.97459320e-01  1.00728025e-04  6.77130895e-03
  1.98458687e-01  1.20608556e-04  6.89191750e-03
  1.99458053e-01  1.13981713e-04  7.00589922e-03
  2.00457420e-01  9.27758126e-05  7.09867503e-03
  2.01456786e-01  1.03378763e-04  7.20205379e-03
  2.02456153e-01  1.15307081e-04  7.31736087e-03
  2.03455520e-01  1.13981713e-04  7.43134259e-03
  2.04454886e-01  9.14504438e-05  7.52279303e-03
  2.05454253e-01  1.19283188e-04  7.64207622e-03
  2.06453620e-01  1.07354869e-04  7.74943109e-03
  2.07452986e-01  1.25910031e-04  7.87534112e-03
  2.08452353e-01  1.19283188e-04  7.99462430e-03
  2.09451719e-01  1.28560769e-04  8.12318507e-03
  2.10451086e-01  1.10005606e-04  8.23319068e-03
  2.11450453e-01  1.10005606e-04  8.34319629e-03
  2.12449819e-01  1.31211506e-04  8.47440779e-03
  2.13449186e-01  1.19283188e-04  8.59369098e-03
  2.14448553e-01  9.41011813e-05  8.68779216e-03
  2.15447919e-01  1.19283188e-04  8.80707535e-03
  2.16447286e-01  1.36512981e-04  8.94358833e-03
  2.17446652e-01  1.13981713e-04  9.05757004e-03
  2.18446019e-01  1.29886138e-04  9.18745618e-03
  2.19445386e-01  1.29886138e-04  9.31734232e-03
  2.20444752e-01  1.24584663e-04  9.44192698e-03
  2.21444119e-01  1.27235400e-04  9.56916238e-03
  2.22443486e-01  1.44465194e-04  9.71362757e-03
  2.23442852e-01  1.24584663e-04  9.83821224e-03
  2.24442219e-01  1.35187613e-04  9.97339985e-03
  2.25441585e-01  1.35187613e-04  1.01085875e-02
  2.26440952e-01  1.39163719e-04  1.02477512e-02
  2.27440319e-01  1.25910031e-04  1.03736612e-02
  2.28439685e-01  1.40489088e-04  1.05141503e-02
  2.29439052e-01  1.39163719e-04  1.06533140e-02
  2.30438419e-01  1.27235400e-04  1.07805494e-02
  2.31437785e-01  1.47115931e-04  1.09276653e-02
  2.32437152e-01  1.85551625e-04  1.11132170e-02
  2.33436518e-01  1.35187613e-04  1.12484046e-02
  2.34435885e-01  1.72297938e-04  1.14207025e-02
  2.35435252e-01  1.40489088e-04  1.15611916e-02
  2.36434618e-01  1.49766669e-04  1.17109583e-02
  2.37433985e-01  1.37838350e-04  1.18487966e-02
  2.38433352e-01  1.60369619e-04  1.20091663e-02
  2.39432718e-01  1.40489088e-04  1.21496553e-02
  2.40432085e-01  1.64345725e-04  1.23140011e-02
  2.41431451e-01  1.53742775e-04  1.24677438e-02
  2.42430818e-01  1.77599413e-04  1.26453433e-02
  2.43430185e-01  1.66996463e-04  1.28123397e-02
  2.44429551e-01  1.64345725e-04  1.29766854e-02
  2.45428918e-01  1.68321831e-04  1.31450073e-02
  2.46428285e-01  1.59044250e-04  1.33040515e-02
  2.47427651e-01  1.57718881e-04  1.34617704e-02
  2.48427018e-01  1.78924781e-04  1.36406952e-02
  2.49426384e-01  1.65671094e-04  1.38063663e-02
  2.50425751e-01  2.04106788e-04  1.40104731e-02
  2.51425118e-01  1.89527731e-04  1.42000008e-02
  2.52424484e-01  1.61694988e-04  1.43616958e-02
  2.53423851e-01  1.70972569e-04  1.45326684e-02
  2.54423218e-01  1.84226256e-04  1.47168946e-02
  2.55422584e-01  1.55068144e-04  1.48719628e-02
  2.56421951e-01  1.82900888e-04  1.50548636e-02
  2.57421317e-01  1.68321831e-04  1.52231855e-02
  2.58420684e-01  1.77599413e-04  1.54007849e-02
  2.59420051e-01  1.77599413e-04  1.55783843e-02
  2.60419417e-01  1.97479944e-04  1.57758642e-02
  2.61418784e-01  1.97479944e-04  1.59733442e-02
  2.62418150e-01  1.77599413e-04  1.61509436e-02
  2.63417517e-01  1.80250150e-04  1.63311937e-02
  2.64416884e-01  2.01456050e-04  1.65326498e-02
  2.65416250e-01  1.77599413e-04  1.67102492e-02
  2.66415617e-01  1.82900888e-04  1.68931501e-02
  2.67414984e-01  1.89527731e-04  1.70826778e-02
  2.68414350e-01  1.69647200e-04  1.72523250e-02
  2.69413717e-01  1.78924781e-04  1.74312498e-02
  2.70413083e-01  2.12059000e-04  1.76433088e-02
  2.71412450e-01  1.97479944e-04  1.78407888e-02
  2.72411817e-01  2.06757525e-04  1.80475463e-02
  2.73411183e-01  1.86876994e-04  1.82344233e-02
  2.74410550e-01  1.89527731e-04  1.84239510e-02
  2.75409917e-01  2.00130681e-04  1.86240817e-02
  2.76409283e-01  2.27963425e-04  1.88520451e-02
  2.77408650e-01  2.22661950e-04  1.90747071e-02
  2.78408016e-01  2.12059000e-04  1.92867661e-02
  2.79407383e-01  1.93503838e-04  1.94802699e-02
  2.80406750e-01  2.23987319e-04  1.97042572e-02
  2.81406116e-01  2.16035106e-04  1.99202923e-02
  2.82405483e-01  2.13384369e-04  2.01336767e-02
  2.83404850e-01  2.20011213e-04  2.03536879e-02
  2.84404216e-01  2.49169325e-04  2.06028572e-02
  2.85403583e-01  2.16035106e-04  2.08188923e-02
  2.86402949e-01  2.31939531e-04  2.10508319e-02
  2.87402316e-01  1.88202363e-04  2.12390342e-02
  2.88401683e-01  2.00130681e-04  2.14391649e-02
  2.89401049e-01  2.58446906e-04  2.16976118e-02
  2.90400416e-01  2.23987319e-04  2.19215991e-02
  2.91399783e-01  2.08082894e-04  2.21296820e-02
  2.92399149e-01  2.41217113e-04  2.23708991e-02
  2.93398516e-01  2.34590269e-04  2.26054894e-02
  2.94397882e-01  2.59772275e-04  2.28652617e-02
  2.95397249e-01  2.27963425e-04  2.30932251e-02
  2.96396616e-01  2.20011213e-04  2.33132363e-02
  2.97395982e-01  2.35915638e-04  2.35491520e-02
  2.98395349e-01  2.66399119e-04  2.38155511e-02
  2.99394716e-01  2.45193219e-04  2.40607443e-02
  3.00394082e-01  2.31939531e-04  2.42926838e-02
  3.01393449e-01  2.53145431e-04  2.45458293e-02
  3.02392815e-01  2.27963425e-04  2.47737927e-02
  3.03392182e-01  2.35915638e-04  2.50097083e-02
  3.04391549e-01  2.23987319e-04  2.52336956e-02
  3.05390915e-01  2.43867850e-04  2.54775635e-02
  3.06390282e-01  2.71700594e-04  2.57492641e-02
  3.07389649e-01  2.26638056e-04  2.59759021e-02
  3.08389015e-01  2.38566375e-04  2.62144685e-02
  3.09388382e-01  2.22661950e-04  2.64371305e-02
  3.10387748e-01  2.57121538e-04  2.66942520e-02
  3.11387115e-01  2.35915638e-04  2.69301676e-02
  3.12386482e-01  2.50494694e-04  2.71806623e-02
  3.13385848e-01  2.62423013e-04  2.74430854e-02
  3.14385215e-01  2.54470800e-04  2.76975562e-02
  3.15384582e-01  2.59772275e-04  2.79573284e-02
  3.16383948e-01  2.49169325e-04  2.82064978e-02
  3.17383315e-01  2.38566375e-04  2.84450641e-02
  3.18382681e-01  2.33264900e-04  2.86783290e-02
  3.19382048e-01  2.69049856e-04  2.89473789e-02
  3.20381415e-01  2.65073750e-04  2.92124526e-02
  3.21380781e-01  2.82303544e-04  2.94947562e-02
  3.22380148e-01  2.37241006e-04  2.97319972e-02
  3.23379515e-01  2.26638056e-04  2.99586352e-02
  3.24378881e-01  2.34590269e-04  3.01932255e-02
  3.25378248e-01  2.53145431e-04  3.04463709e-02
  3.26377614e-01  2.65073750e-04  3.07114447e-02
  3.27376981e-01  2.38566375e-04  3.09500111e-02
  3.28376348e-01  2.87605019e-04  3.12376161e-02
  3.29375714e-01  2.45193219e-04  3.14828093e-02
  3.30375081e-01  2.92906494e-04  3.17757158e-02
  3.31374448e-01  2.75676700e-04  3.20513925e-02
  3.32373814e-01  2.83628913e-04  3.23350214e-02
  3.33373181e-01  2.74351331e-04  3.26093727e-02
  3.34372547e-01  2.77002069e-04  3.28863748e-02
  3.35371914e-01  2.98207969e-04  3.31845828e-02
  3.36371281e-01  2.53145431e-04  3.34377282e-02
  3.37370647e-01  2.34590269e-04  3.36723185e-02
  3.38370014e-01  2.77002069e-04  3.39493205e-02
  3.39369381e-01  2.99533338e-04  3.42488539e-02
  3.40368747e-01  2.84954281e-04  3.45338082e-02
  3.41368114e-01  3.02184075e-04  3.48359922e-02
  3.42367480e-01  2.74351331e-04  3.51103436e-02
  3.43366847e-01  2.78327438e-04  3.53886710e-02
  3.44366214e-01  3.10136288e-04  3.56988073e-02
  3.45365580e-01  2.73025963e-04  3.59718333e-02
  3.46364947e-01  2.57121538e-04  3.62289548e-02
  3.47364313e-01  3.22064606e-04  3.65510194e-02
  3.48363680e-01  2.98207969e-04  3.68492274e-02
  3.49363047e-01  2.55796169e-04  3.71050235e-02
  3.50362413e-01  2.99533338e-04  3.74045569e-02
  3.51361780e-01  2.79652806e-04  3.76842097e-02
  3.52361147e-01  2.90255756e-04  3.79744654e-02
  3.53360513e-01  2.94231863e-04  3.82686973e-02
  3.54359880e-01  2.61097644e-04  3.85297950e-02
  3.55359246e-01  3.07485550e-04  3.88372805e-02
  3.56358613e-01  2.92906494e-04  3.91301870e-02
  3.57357980e-01  2.75676700e-04  3.94058637e-02
  3.58357346e-01  3.14112394e-04  3.97199761e-02
  3.59356713e-01  2.77002069e-04  3.99969782e-02
  3.60356080e-01  2.99533338e-04  4.02965115e-02
  3.61355446e-01  2.69049856e-04  4.05655614e-02
  3.62354813e-01  3.12787025e-04  4.08783484e-02
  3.63354179e-01  3.15437763e-04  4.11937861e-02
  3.64353546e-01  2.95557231e-04  4.14893434e-02
  3.65352913e-01  2.62423013e-04  4.17517664e-02
  3.66352279e-01  3.23389975e-04  4.20751564e-02
  3.67351646e-01  2.94231863e-04  4.23693882e-02
  3.68351013e-01  3.22064606e-04  4.26914528e-02
  3.69350379e-01  2.92906494e-04  4.29843593e-02
  3.70349746e-01  2.98207969e-04  4.32825673e-02
  3.71349112e-01  2.83628913e-04  4.35661962e-02
  3.72348479e-01  3.49897350e-04  4.39160936e-02
  3.73347846e-01  2.77002069e-04  4.41930956e-02
  3.74347212e-01  3.16763131e-04  4.45098588e-02
  3.75346579e-01  2.55796169e-04  4.47656549e-02
  3.76345946e-01  3.24715344e-04  4.50903703e-02
  3.77345312e-01  2.84954281e-04  4.53753245e-02
  3.78344679e-01  3.20739238e-04  4.56960638e-02
  3.79344045e-01  2.86279650e-04  4.59823434e-02
  3.80343412e-01  3.31342188e-04  4.63136856e-02
  3.81342779e-01  3.23389975e-04  4.66370756e-02
  3.82342145e-01  2.98207969e-04  4.69352836e-02
  3.83341512e-01  2.95557231e-04  4.72308408e-02
  3.84340879e-01  2.99533338e-04  4.75303741e-02
  3.85340245e-01  2.70375225e-04  4.78007494e-02
  3.86339612e-01  3.04834813e-04  4.81055842e-02
  3.87338978e-01  3.44595875e-04  4.84501801e-02
  3.88338345e-01  3.44595875e-04  4.87947759e-02
  3.89337712e-01  3.52548088e-04  4.91473240e-02
  3.90337078e-01  2.82303544e-04  4.94296276e-02
  3.91336445e-01  3.39294400e-04  4.97689220e-02
  3.92335812e-01  3.33992925e-04  5.01029149e-02
  3.93335178e-01  3.16763131e-04  5.04196780e-02
  3.94334545e-01  2.61097644e-04  5.06807757e-02
  3.95333911e-01  3.24715344e-04  5.10054910e-02
  3.96333278e-01  3.30016819e-04  5.13355078e-02
  3.97332645e-01  3.22064606e-04  5.16575724e-02
  3.98332011e-01  2.74351331e-04  5.19319238e-02
  3.99331378e-01  3.28691450e-04  5.22606152e-02
  4.00330745e-01  3.35318294e-04  5.25959335e-02
  4.01330111e-01  3.33992925e-04  5.29299264e-02
  4.02329478e-01  2.91581125e-04  5.32215076e-02
  4.03328844e-01  3.24715344e-04  5.35462229e-02
  4.04328211e-01  3.33992925e-04  5.38802158e-02
  4.05327578e-01  3.03509444e-04  5.41837253e-02
  4.06326944e-01  3.30016819e-04  5.45137421e-02
  4.07326311e-01  3.57849563e-04  5.48715916e-02
  4.08325678e-01  3.18088500e-04  5.51896801e-02
  4.09325044e-01  3.55198825e-04  5.55448790e-02
  4.10324411e-01  3.31342188e-04  5.58762212e-02
  4.11323777e-01  3.44595875e-04  5.62208170e-02
  4.12323144e-01  3.20739238e-04  5.65415563e-02
  4.13322511e-01  3.36643663e-04  5.68781999e-02
  4.14321877e-01  3.02184075e-04  5.71803840e-02
  4.15321244e-01  3.45921244e-04  5.75263053e-02
  4.16320611e-01  3.37969031e-04  5.78642743e-02
  4.17319977e-01  3.55198825e-04  5.82194731e-02
  4.18319344e-01  3.47246613e-04  5.85667197e-02
  4.19318710e-01  3.33992925e-04  5.89007127e-02
  4.20318077e-01  3.55198825e-04  5.92559115e-02
  4.21317444e-01  3.84356938e-04  5.96402684e-02
  4.22316810e-01  3.28691450e-04  5.99689599e-02
  4.23316177e-01  3.81706200e-04  6.03506661e-02
  4.24315544e-01  3.36643663e-04  6.06873097e-02
  4.25314910e-01  3.27366081e-04  6.10146758e-02
  4.26314277e-01  3.96285256e-04  6.14109611e-02
  4.27313643e-01  3.37969031e-04  6.17489301e-02
  4.28313010e-01  3.87007675e-04  6.21359378e-02
  4.29312377e-01  3.63151038e-04  6.24990888e-02
  4.30311743e-01  3.44595875e-04  6.28436847e-02
  4.31311110e-01  3.43270506e-04  6.31869552e-02
  4.32310477e-01  3.32667556e-04  6.35196227e-02
  4.33309843e-01  3.94959888e-04  6.39145826e-02
  4.34309210e-01  3.51222719e-04  6.42658054e-02
  4.35308576e-01  3.56524194e-04  6.46223295e-02
  4.36307943e-01  3.61825669e-04  6.49841552e-02
  4.37307310e-01  3.45921244e-04  6.53300765e-02
  4.38306676e-01  3.32667556e-04  6.56627440e-02
  4.39306043e-01  3.33992925e-04  6.59967369e-02
  4.40305409e-01  3.43270506e-04  6.63400074e-02
  4.41304776e-01  3.76404725e-04  6.67164122e-02
  4.42304143e-01  3.51222719e-04  6.70676349e-02
  4.43303509e-01  3.39294400e-04  6.74069293e-02
  4.44302876e-01  3.23389975e-04  6.77303193e-02
  4.45302243e-01  3.28691450e-04  6.80590107e-02
  4.46301609e-01  3.65801775e-04  6.84248125e-02
  4.47300976e-01  3.67127144e-04  6.87919396e-02
  4.48300342e-01  3.43270506e-04  6.91352101e-02
  4.49299709e-01  3.60500300e-04  6.94957104e-02
  4.50299076e-01  3.60500300e-04  6.98562107e-02
  4.51298442e-01  3.41945138e-04  7.01981559e-02
  4.52297809e-01  3.73753988e-04  7.05719099e-02
  4.53297176e-01  3.61825669e-04  7.09337355e-02
  4.54296542e-01  3.69777881e-04  7.13035134e-02
  4.55295909e-01  3.83031569e-04  7.16865450e-02
  4.56295275e-01  3.71103250e-04  7.20576482e-02
  4.57294642e-01  4.21467263e-04  7.24791155e-02
  4.58294009e-01  4.01586731e-04  7.28807022e-02
  4.59293375e-01  3.56524194e-04  7.32372264e-02
  4.60292742e-01  4.02912100e-04  7.36401385e-02
  4.61292109e-01  3.89658413e-04  7.40297969e-02
  4.62291475e-01  4.04237469e-04  7.44340344e-02
  4.63290842e-01  3.85682306e-04  7.48197167e-02
  4.64290208e-01  4.08213575e-04  7.52279303e-02
  4.65289575e-01  4.00261363e-04  7.56281917e-02
  4.66288942e-01  4.17491156e-04  7.60456828e-02
  4.67288308e-01  4.02912100e-04  7.64485949e-02
  4.68287675e-01  3.89658413e-04  7.68382533e-02
  4.69287042e-01  3.63151038e-04  7.72014044e-02
  4.70286408e-01  3.92309150e-04  7.75937135e-02
  4.71285775e-01  4.51950744e-04  7.80456643e-02
  4.72285141e-01  4.10864313e-04  7.84565286e-02
  4.73284508e-01  3.83031569e-04  7.88395601e-02
  4.74283875e-01  3.52548088e-04  7.91921082e-02
  4.75283241e-01  4.18816525e-04  7.96109247e-02
  4.76282608e-01  4.14840419e-04  8.00257652e-02
  4.77281975e-01  4.08213575e-04  8.04339787e-02
  4.78281341e-01  4.18816525e-04  8.08527953e-02
  4.79280708e-01  4.33395581e-04  8.12861909e-02
  4.80280074e-01  3.65801775e-04  8.16519926e-02
  4.81279441e-01  3.96285256e-04  8.20482779e-02
  4.82278808e-01  4.30744844e-04  8.24790227e-02
  4.83278174e-01  4.09538944e-04  8.28885617e-02
  4.84277541e-01  4.40022425e-04  8.33285841e-02
  4.85276908e-01  4.26768738e-04  8.37553528e-02
  4.86276274e-01  4.12189681e-04  8.41675425e-02
  4.87275641e-01  3.90983781e-04  8.45585263e-02
  4.88275007e-01  4.37371688e-04  8.49958980e-02
  4.89274374e-01  4.61228325e-04  8.54571263e-02
  4.90273741e-01  4.28094106e-04  8.58852204e-02
  4.91273107e-01  4.41347794e-04  8.63265682e-02
  4.92272474e-01  4.45323900e-04  8.67718921e-02
  4.93271841e-01  4.49300006e-04  8.72211921e-02
  4.94271207e-01  4.30744844e-04  8.76519370e-02
  4.95270574e-01  4.25443369e-04  8.80773803e-02
  4.96269940e-01  4.24118000e-04  8.85014983e-02
  4.97269307e-01  4.45323900e-04  8.89468222e-02
  4.98268674e-01  4.65204432e-04  8.94120267e-02
  4.99268040e-01  4.63879063e-04  8.98759057e-02
  5.00267407e-01  4.51950744e-04  9.03278565e-02
  5.01266774e-01  4.28094106e-04  9.07559506e-02
  5.02266140e-01  4.77132750e-04  9.12330833e-02
  5.03265507e-01  4.54601481e-04  9.16876848e-02
  5.04264873e-01  4.66529800e-04  9.21542146e-02
  5.05264240e-01  4.47974638e-04  9.26021892e-02
  5.06263607e-01  4.42673163e-04  9.30448624e-02
  5.07262973e-01  5.23520657e-04  9.35683831e-02
  5.08262340e-01  4.78458119e-04  9.40468412e-02
  5.09261707e-01  5.00989388e-04  9.45478306e-02
  5.10261073e-01  4.22792631e-04  9.49706232e-02
  5.11260440e-01  4.90386438e-04  9.54610096e-02
  5.12259806e-01  5.32798238e-04  9.59938079e-02
  5.13259173e-01  4.79783488e-04  9.64735914e-02
  5.14258540e-01  4.98338650e-04  9.69719300e-02
  5.15257906e-01  4.17491156e-04  9.73894212e-02
  5.16257273e-01  4.94362544e-04  9.78837837e-02
  5.17256640e-01  4.93037175e-04  9.83768209e-02
  5.18256006e-01  4.94362544e-04  9.88711834e-02
  5.19255373e-01  4.98338650e-04  9.93695221e-02
  5.20254739e-01  5.48702663e-04  9.99182247e-02
  5.21254106e-01  5.14243075e-04  1.00432468e-01
  5.22253473e-01  5.46051925e-04  1.00978520e-01
  5.23252839e-01  4.67855169e-04  1.01446375e-01
  5.24252206e-01  5.06290863e-04  1.01952666e-01
  5.25251572e-01  5.26171394e-04  1.02478837e-01
  5.26250939e-01  5.35448975e-04  1.03014286e-01
  5.27250306e-01  5.15568444e-04  1.03529855e-01
  5.28249672e-01  5.26171394e-04  1.04056026e-01
  5.29249039e-01  5.67257825e-04  1.04623284e-01
  5.30248406e-01  6.05693519e-04  1.05228977e-01
  5.31247772e-01  5.77860775e-04  1.05806838e-01
  5.32247139e-01  6.14971100e-04  1.06421809e-01
  5.33246505e-01  5.72559300e-04  1.06994369e-01
  5.34245872e-01  5.85812988e-04  1.07580181e-01
  5.35245239e-01  5.59305613e-04  1.08139487e-01
  5.36244605e-01  5.80511513e-04  1.08719999e-01
  5.37243972e-01  5.63281719e-04  1.09283280e-01
  5.38243339e-01  5.76535407e-04  1.09859816e-01
  5.39242705e-01  5.52678769e-04  1.10412495e-01
  5.40242072e-01  5.65932457e-04  1.10978427e-01
  5.41241438e-01  6.18947207e-04  1.11597374e-01
  5.42240805e-01  5.63281719e-04  1.12160656e-01
  5.43240172e-01  6.18947207e-04  1.12779603e-01
  5.44239538e-01  6.24248682e-04  1.13403852e-01
  5.45238905e-01  6.12320363e-04  1.14016172e-01
  5.46238272e-01  5.91114463e-04  1.14607287e-01
  5.47237638e-01  6.30875525e-04  1.15238162e-01
  5.48237005e-01  6.01717413e-04  1.15839880e-01
  5.49236371e-01  6.10994994e-04  1.16450875e-01
  5.50235738e-01  6.64009744e-04  1.17114884e-01
  5.51235105e-01  6.33526263e-04  1.17748411e-01
  5.52234471e-01  6.20272575e-04  1.18368683e-01
  5.53233838e-01  5.97741307e-04  1.18966424e-01
  5.54233205e-01  5.99066675e-04  1.19565491e-01
  5.55232571e-01  6.81239538e-04  1.20246731e-01
  5.56231938e-01  6.26899419e-04  1.20873630e-01
  5.57231304e-01  6.36177000e-04  1.21509807e-01
  5.58230671e-01  6.44129213e-04  1.22153936e-01
  5.59230038e-01  6.58708269e-04  1.22812645e-01
  5.60229404e-01  6.13645732e-04  1.23426290e-01
  5.61228771e-01  6.61359007e-04  1.24087649e-01
  5.62228138e-01  6.91842488e-04  1.24779492e-01
  5.63227504e-01  6.66660482e-04  1.25446152e-01
  5.64226871e-01  6.70636588e-04  1.26116789e-01
  5.65226237e-01  6.60033638e-04  1.26776822e-01
  5.66225604e-01  6.36177000e-04  1.27412999e-01
  5.67224971e-01  7.14373757e-04  1.28127373e-01
  5.68224337e-01  7.06421544e-04  1.28833795e-01
  5.69223704e-01  7.03770807e-04  1.29537566e-01
  5.70223071e-01  6.66660482e-04  1.30204226e-01
  5.71222437e-01  7.32928919e-04  1.30937155e-01
  5.72221804e-01  7.27627444e-04  1.31664782e-01
  5.73221170e-01  6.86541013e-04  1.32351323e-01
  5.74220537e-01  7.75340719e-04  1.33126664e-01
  5.75219904e-01  7.22325969e-04  1.33848990e-01
  5.76219270e-01  8.23053994e-04  1.34672044e-01
  5.77218637e-01  7.24976707e-04  1.35397021e-01
  5.78218004e-01  7.51484082e-04  1.36148505e-01
  5.79217370e-01  7.51484082e-04  1.36899989e-01
  5.80216737e-01  8.05824200e-04  1.37705813e-01
  5.81216103e-01  7.31603550e-04  1.38437417e-01
  5.82215470e-01  7.63412400e-04  1.39200829e-01
  5.83214837e-01  6.90517119e-04  1.39891346e-01
  5.84214203e-01  7.97871988e-04  1.40689218e-01
  5.85213570e-01  8.19077888e-04  1.41508296e-01
  5.86212937e-01  7.89919775e-04  1.42298216e-01
  5.87212303e-01  8.41609157e-04  1.43139825e-01
  5.88211670e-01  8.01848094e-04  1.43941673e-01
  5.89211036e-01  8.09800307e-04  1.44751473e-01
  5.90210403e-01  8.24379363e-04  1.45575853e-01
  5.91209770e-01  8.46910632e-04  1.46422763e-01
  5.92209136e-01  7.68713875e-04  1.47191477e-01
  5.93208503e-01  8.81370219e-04  1.48072848e-01
  5.94207870e-01  8.69441900e-04  1.48942289e-01
  5.95207236e-01  8.08474938e-04  1.49750764e-01
  5.96206603e-01  8.37633050e-04  1.50588397e-01
  5.97205969e-01  8.05824200e-04  1.51394222e-01
  5.98205336e-01  8.52212107e-04  1.52246434e-01
  5.99204703e-01  8.61489688e-04  1.53107923e-01
  6.00204069e-01  8.50886738e-04  1.53958810e-01
  6.01203436e-01  8.78719482e-04  1.54837530e-01
  6.02202803e-01  9.07877594e-04  1.55745407e-01
  6.03202169e-01  9.13179069e-04  1.56658586e-01
  6.04201536e-01  8.90647800e-04  1.57549234e-01
  6.05200902e-01  9.47638657e-04  1.58496873e-01
  6.06200269e-01  9.31734232e-04  1.59428607e-01
  6.07199636e-01  8.82695588e-04  1.60311303e-01
  6.08199002e-01  9.03901488e-04  1.61215204e-01
  6.09198369e-01  8.64140425e-04  1.62079345e-01
  6.10197736e-01  9.29083494e-04  1.63008428e-01
  6.11197102e-01  9.71495294e-04  1.63979923e-01
  6.12196469e-01  9.51614763e-04  1.64931538e-01
  6.13195835e-01  9.35710338e-04  1.65867248e-01
  6.14195202e-01  9.46313288e-04  1.66813562e-01
  6.15194569e-01  1.02583541e-03  1.67839397e-01
  6.16193935e-01  9.23782019e-04  1.68763179e-01
  6.17193302e-01  1.02981152e-03  1.69792991e-01
  6.18192668e-01  9.52940132e-04  1.70745931e-01
  6.19192035e-01  1.00595488e-03  1.71751886e-01
  6.20191402e-01  9.59566976e-04  1.72711453e-01
  6.21190768e-01  1.00595488e-03  1.73717408e-01
  6.22190135e-01  9.39686444e-04  1.74657094e-01
  6.23189502e-01  1.00860562e-03  1.75665700e-01
  6.24188868e-01  9.92701194e-04  1.76658401e-01
  6.25188235e-01  1.08680238e-03  1.77745203e-01
  6.26187601e-01  1.04571594e-03  1.78790919e-01
  6.27186968e-01  1.07885016e-03  1.79869769e-01
  6.28186335e-01  9.79447507e-04  1.80849217e-01
  6.29185701e-01  1.05896963e-03  1.81908186e-01
  6.30185068e-01  1.04439058e-03  1.82952577e-01
  6.31184435e-01  1.10270680e-03  1.84055284e-01
  6.32183801e-01  1.09475459e-03  1.85150038e-01
  6.33183168e-01  1.12258733e-03  1.86272626e-01
  6.34182534e-01  1.06427111e-03  1.87336897e-01
  6.35181901e-01  1.08547701e-03  1.88422374e-01
  6.36181268e-01  1.13451565e-03  1.89556889e-01
  6.37180634e-01  1.13186491e-03  1.90688754e-01
  6.38180001e-01  1.16897524e-03  1.91857730e-01
  6.39179368e-01  1.13981713e-03  1.92997547e-01
  6.40178734e-01  1.21271241e-03  1.94210259e-01
  6.41178101e-01  1.12523807e-03  1.95335497e-01
  6.42177467e-01  1.08945311e-03  1.96424950e-01
  6.43176834e-01  1.08945311e-03  1.97514403e-01
  6.44176201e-01  1.12788881e-03  1.98642292e-01
  6.45175567e-01  1.21933925e-03  1.99861632e-01
  6.46174934e-01  1.13981713e-03  2.01001449e-01
  6.47174301e-01  1.22464073e-03  2.02226089e-01
  6.48173667e-01  1.19548261e-03  2.03421572e-01
  6.49173034e-01  1.15174544e-03  2.04573317e-01
  6.50172400e-01  1.15969766e-03  2.05733015e-01
  6.51171767e-01  1.25910031e-03  2.06992115e-01
  6.52171134e-01  1.21933925e-03  2.08211455e-01
  6.53170500e-01  1.24187052e-03  2.09453325e-01
  6.54169867e-01  1.26572716e-03  2.10719052e-01
  6.55169234e-01  1.21138704e-03  2.11930439e-01
  6.56168600e-01  1.19813335e-03  2.13128573e-01
  6.57167967e-01  1.27500474e-03  2.14403577e-01
  6.58167333e-01  1.24584663e-03  2.15649424e-01
  6.59166700e-01  1.22994220e-03  2.16879366e-01
  6.60166067e-01  1.24319589e-03  2.18122562e-01
  6.61165433e-01  1.21801388e-03  2.19340576e-01
  6.62164800e-01  1.23524368e-03  2.20575820e-01
  6.63164167e-01  1.25777494e-03  2.21833595e-01
  6.64163533e-01  1.27898084e-03  2.23112575e-01
  6.65162900e-01  1.38103424e-03  2.24493610e-01
  6.66162266e-01  1.29355990e-03  2.25787170e-01
  6.67161633e-01  1.30018674e-03  2.27087356e-01
  6.68161000e-01  1.32669412e-03  2.28414050e-01
  6.69160366e-01  1.35187613e-03  2.29765927e-01
  6.70159733e-01  1.38766108e-03  2.31153588e-01
  6.71159100e-01  1.35320149e-03  2.32506789e-01
  6.72158466e-01  1.33597170e-03  2.33842761e-01
  6.73157833e-01  1.33067023e-03  2.35173431e-01
  6.74157199e-01  1.46188173e-03  2.36635313e-01
  6.75156566e-01  1.43139825e-03  2.38066711e-01
  6.76155933e-01  1.44995341e-03  2.39516665e-01
  6.77155299e-01  1.44730268e-03  2.40963967e-01
  6.78154666e-01  1.46453247e-03  2.42428500e-01
  6.79154033e-01  1.37705813e-03  2.43805558e-01
  6.80153399e-01  1.45260415e-03  2.45258162e-01
  6.81152766e-01  1.47911153e-03  2.46737273e-01
  6.82152132e-01  1.50429353e-03  2.48241567e-01
  6.83151499e-01  1.52947554e-03  2.49771043e-01
  6.84150866e-01  1.52152333e-03  2.51292566e-01
  6.85150232e-01  1.50561890e-03  2.52798185e-01
  6.86149599e-01  1.49369058e-03  2.54291875e-01
  6.87148966e-01  1.45525489e-03  2.55747130e-01
  6.88148332e-01  1.55200681e-03  2.57299137e-01
  6.89147699e-01  1.47778616e-03  2.58776923e-01
  6.90147065e-01  1.59574398e-03  2.60372667e-01
  6.91146432e-01  1.54537996e-03  2.61918047e-01
  6.92145799e-01  1.61694988e-03  2.63534997e-01
  6.93145165e-01  1.50429353e-03  2.65039291e-01
  6.94144532e-01  1.60634693e-03  2.66645637e-01
  6.95143899e-01  1.59044250e-03  2.68236080e-01
  6.96143265e-01  1.56658586e-03  2.69802666e-01
  6.97142632e-01  1.62357672e-03  2.71426243e-01
  6.98141998e-01  1.57321271e-03  2.72999455e-01
  6.99141365e-01  1.68056758e-03  2.74680023e-01
  7.00140732e-01  1.61694988e-03  2.76296973e-01
  7.01140098e-01  1.67659147e-03  2.77973564e-01
  7.02139465e-01  1.67526610e-03  2.79648830e-01
  7.03138831e-01  1.62887819e-03  2.81277708e-01
  7.04138198e-01  1.69779737e-03  2.82975506e-01
  7.05137565e-01  1.63285430e-03  2.84608360e-01
  7.06136931e-01  1.73358233e-03  2.86341942e-01
  7.07136298e-01  1.76008970e-03  2.88102032e-01
  7.08135665e-01  1.73755843e-03  2.89839591e-01
  7.09135031e-01  1.72695548e-03  2.91566546e-01
  7.10134398e-01  1.62887819e-03  2.93195424e-01
  7.11133764e-01  1.69647200e-03  2.94891896e-01
  7.12133131e-01  1.73755843e-03  2.96629455e-01
  7.13132498e-01  1.76141507e-03  2.98390870e-01
  7.14131864e-01  1.72032864e-03  3.00111198e-01
  7.15131231e-01  1.69117053e-03  3.01802369e-01
  7.16130598e-01  1.81442982e-03  3.03616799e-01
  7.17129964e-01  1.77466876e-03  3.05391468e-01
  7.18129331e-01  1.84491330e-03  3.07236381e-01
  7.19128697e-01  1.89395194e-03  3.09130333e-01
  7.20128064e-01  1.81045371e-03  3.10940787e-01
  7.21127431e-01  1.86214309e-03  3.12802930e-01
  7.22126797e-01  1.87672215e-03  3.14679652e-01
  7.23126164e-01  1.90322953e-03  3.16582881e-01
  7.24125531e-01  1.87937289e-03  3.18462254e-01
  7.25124897e-01  1.93768911e-03  3.20399943e-01
  7.26124264e-01  1.87937289e-03  3.22279316e-01
  7.27123630e-01  1.87274604e-03  3.24152062e-01
  7.28122997e-01  1.94166522e-03  3.26093727e-01
  7.29122364e-01  2.03179029e-03  3.28125518e-01
  7.30121730e-01  1.89527731e-03  3.30020795e-01
  7.31121097e-01  2.02648882e-03  3.32047284e-01
  7.32120464e-01  1.90455489e-03  3.33951839e-01
  7.33119830e-01  1.98275165e-03  3.35934590e-01
  7.34119197e-01  1.92443543e-03  3.37859026e-01
  7.35118563e-01  2.01853661e-03  3.39877562e-01
  7.36117930e-01  2.09010652e-03  3.41967669e-01
  7.37117297e-01  2.05167083e-03  3.44019340e-01
  7.38116663e-01  2.02648882e-03  3.46045829e-01
  7.39116030e-01  2.00528292e-03  3.48051112e-01
  7.40115397e-01  1.95491891e-03  3.50006030e-01
  7.41114763e-01  2.11263779e-03  3.52118668e-01
  7.42114130e-01  2.02913956e-03  3.54147808e-01
  7.43113496e-01  2.11661389e-03  3.56264422e-01
  7.44112863e-01  2.22927024e-03  3.58493692e-01
  7.45112230e-01  2.16565254e-03  3.60659344e-01
  7.46111596e-01  2.06757525e-03  3.62726920e-01
  7.47110963e-01  2.16962864e-03  3.64896548e-01
  7.48110330e-01  2.06492451e-03  3.66961473e-01
  7.49109696e-01  2.14312127e-03  3.69104594e-01
  7.50109063e-01  2.16035106e-03  3.71264945e-01
  7.51108429e-01  2.06492451e-03  3.73329870e-01
  7.52107796e-01  2.13516906e-03  3.75465039e-01
  7.53107163e-01  2.16035106e-03  3.77625390e-01
  7.54106529e-01  2.20408823e-03  3.79829478e-01
  7.55105896e-01  2.20541360e-03  3.82034892e-01
  7.56105263e-01  2.30746700e-03  3.84342359e-01
  7.57104629e-01  2.14444664e-03  3.86486805e-01
  7.58103996e-01  2.18155696e-03  3.88668362e-01
  7.59103362e-01  2.15504959e-03  3.90823412e-01
  7.60102729e-01  2.20806434e-03  3.93031476e-01
  7.61102096e-01  2.19083454e-03  3.95222311e-01
  7.62101462e-01  2.26903130e-03  3.97491342e-01
  7.63100829e-01  2.29156257e-03  3.99782905e-01
  7.64100196e-01  2.21336581e-03  4.01996270e-01
  7.65099562e-01  2.25842835e-03  4.04254699e-01
  7.66098929e-01  2.25577761e-03  4.06510476e-01
  7.67098295e-01  2.26107909e-03  4.08771555e-01
  7.68097662e-01  2.28891183e-03  4.11060467e-01
  7.69097029e-01  2.23854782e-03  4.13299015e-01
  7.70096395e-01  2.29686404e-03  4.15595879e-01
  7.71095762e-01  2.26903130e-03  4.17864910e-01
  7.72095129e-01  2.22131803e-03  4.20086228e-01
  7.73094495e-01  2.28891183e-03  4.22375140e-01
  7.74093862e-01  2.32072068e-03  4.24695861e-01
  7.75093228e-01  2.27035667e-03  4.26966218e-01
  7.76092595e-01  2.32734753e-03  4.29293565e-01
  7.77091962e-01  2.30481626e-03  4.31598381e-01
  7.78091328e-01  2.36048175e-03  4.33958863e-01
  7.79090695e-01  2.40156818e-03  4.36360431e-01
  7.80090062e-01  2.25975372e-03  4.38620185e-01
  7.81089428e-01  2.27565814e-03  4.40895843e-01
  7.82088795e-01  2.33662511e-03  4.43232468e-01
  7.83088161e-01  2.29686404e-03  4.45529332e-01
  7.84087528e-01  2.33397437e-03  4.47863307e-01
  7.85086895e-01  2.31276847e-03  4.50176075e-01
  7.86086261e-01  2.25975372e-03  4.52435829e-01
  7.87085628e-01  2.34192658e-03  4.54777756e-01
  7.88084994e-01  2.36578322e-03  4.57143539e-01
  7.89084361e-01  2.30084015e-03  4.59444379e-01
  7.90083728e-01  2.23192098e-03  4.61676300e-01
  7.91083094e-01  2.38036228e-03  4.64056662e-01
  7.92082461e-01  2.38698912e-03  4.66443651e-01
  7.93081828e-01  2.41084576e-03  4.68854497e-01
  7.94081194e-01  2.32999826e-03  4.71184495e-01
  7.95080561e-01  2.43867850e-03  4.73623174e-01
  7.96079927e-01  2.43470240e-03  4.76057876e-01
  7.97079294e-01  2.43735313e-03  4.78495229e-01
  7.98078661e-01  2.36180711e-03  4.80857036e-01
  7.99078027e-01  2.33397437e-03  4.83191011e-01
  8.00077394e-01  2.38433838e-03  4.85575349e-01
  8.01076761e-01  2.45060682e-03  4.88025956e-01
  8.02076127e-01  2.37108470e-03  4.90397041e-01
  8.03075494e-01  2.35120416e-03  4.92748245e-01
  8.04074860e-01  2.47976493e-03  4.95228010e-01
  8.05074227e-01  2.38566375e-03  4.97613674e-01
  8.06073594e-01  2.32999826e-03  4.99943672e-01
  8.07072960e-01  2.34987880e-03  5.02293551e-01
  8.08072327e-01  2.45060682e-03  5.04744157e-01
  8.09071694e-01  2.40289355e-03  5.07147051e-01
  8.10071060e-01  2.41879797e-03  5.09565849e-01
  8.11070427e-01  2.47711420e-03  5.12042963e-01
  8.12069793e-01  2.48904251e-03  5.14532006e-01
  8.13069160e-01  2.31939531e-03  5.16851401e-01
  8.14068527e-01  2.36843396e-03  5.19219835e-01
  8.15067893e-01  2.32867290e-03  5.21548508e-01
  8.16067260e-01  2.45590830e-03  5.24004416e-01
  8.17066627e-01  2.48374104e-03  5.26488157e-01
  8.18065993e-01  2.40024281e-03  5.28888400e-01
  8.19065360e-01  2.29421331e-03  5.31182613e-01
  8.20064726e-01  2.36313248e-03  5.33545746e-01
  8.21064093e-01  2.37241006e-03  5.35918156e-01
  8.22063460e-01  2.40554428e-03  5.38323700e-01
  8.23062826e-01  2.31674458e-03  5.40640445e-01
  8.24062193e-01  2.28891183e-03  5.42929357e-01
  8.25061560e-01  2.31541921e-03  5.45244776e-01
  8.26060926e-01  2.33397437e-03  5.47578750e-01
  8.27060293e-01  2.39096523e-03  5.49969715e-01
  8.28059659e-01  2.35783101e-03  5.52327546e-01
  8.29059026e-01  2.38036228e-03  5.54707909e-01
  8.30058393e-01  2.52615284e-03  5.57234061e-01
  8.31057759e-01  2.45855903e-03  5.59692620e-01
  8.32057126e-01  2.33529974e-03  5.62027920e-01
  8.33056493e-01  2.33397437e-03  5.64361895e-01
  8.34055859e-01  2.37771154e-03  5.66739606e-01
  8.35055226e-01  2.28626109e-03  5.69025867e-01
  8.36054592e-01  2.35650564e-03  5.71382373e-01
  8.37053959e-01  2.44663071e-03  5.73829004e-01
  8.38053326e-01  2.35385490e-03  5.76182858e-01
  8.39052692e-01  2.43072629e-03  5.78613585e-01
  8.40052059e-01  2.47446346e-03  5.81088048e-01
  8.41051426e-01  2.30879236e-03  5.83396841e-01
  8.42050792e-01  2.42012334e-03  5.85816964e-01
  8.43050159e-01  2.41879797e-03  5.88235762e-01
  8.44049525e-01  2.45855903e-03  5.90694321e-01
  8.45048892e-01  2.37241006e-03  5.93066731e-01
  8.46048259e-01  2.51687526e-03  5.95583606e-01
  8.47047625e-01  2.36710859e-03  5.97950715e-01
  8.48046992e-01  2.32072068e-03  6.00271436e-01
  8.49046359e-01  2.38831449e-03  6.02659750e-01
  8.50045725e-01  2.46120977e-03  6.05120960e-01
  8.51045092e-01  2.33264900e-03  6.07453609e-01
  8.52044458e-01  2.35252953e-03  6.09806138e-01
  8.53043825e-01  2.34987880e-03  6.12156017e-01
  8.54043192e-01  2.35915638e-03  6.14515173e-01
  8.55042558e-01  2.54073190e-03  6.17055905e-01
  8.56041925e-01  2.43337703e-03  6.19489282e-01
  8.57041292e-01  2.48109030e-03  6.21970373e-01
  8.58040658e-01  2.47048735e-03  6.24440860e-01
  8.59040025e-01  2.41747260e-03  6.26858333e-01
  8.60039391e-01  2.39891744e-03  6.29257250e-01
  8.61038758e-01  2.49434399e-03  6.31751594e-01
  8.62038125e-01  2.36313248e-03  6.34114727e-01
  8.63037491e-01  2.45590830e-03  6.36570635e-01
  8.64036858e-01  2.50229620e-03  6.39072931e-01
  8.65036225e-01  2.50627231e-03  6.41579203e-01
  8.66035591e-01  2.60434960e-03  6.44183553e-01
  8.67034958e-01  2.53675579e-03  6.46720309e-01
  8.68034324e-01  2.48506641e-03  6.49205375e-01
  8.69033691e-01  2.44132924e-03  6.51646704e-01
  8.70033058e-01  2.53012895e-03  6.54176833e-01
  8.71032424e-01  2.48241567e-03  6.56659249e-01
  8.72031791e-01  2.46518588e-03  6.59124435e-01
  8.73031158e-01  2.56723927e-03  6.61691674e-01
  8.74030524e-01  2.58977054e-03  6.64281445e-01
  8.75029891e-01  2.51422452e-03  6.66795669e-01
  8.76029257e-01  2.43337703e-03  6.69229046e-01
  8.77028624e-01  2.59109591e-03  6.71820142e-01
  8.78027991e-01  2.50494694e-03  6.74325089e-01
  8.79027357e-01  2.65206287e-03  6.76977152e-01
  8.80026724e-01  2.64013455e-03  6.79617287e-01
  8.81026090e-01  2.56591390e-03  6.82183200e-01
  8.82025457e-01  2.51952600e-03  6.84702726e-01
  8.83024824e-01  2.55266021e-03  6.87255387e-01
  8.84024190e-01  2.66796730e-03  6.89923354e-01
  8.85023557e-01  2.54338263e-03  6.92466737e-01
  8.86022924e-01  2.65073750e-03  6.95117474e-01
  8.87022290e-01  2.56193780e-03  6.97679412e-01
  8.88021657e-01  2.64278529e-03  7.00322197e-01
  8.89021023e-01  2.61362718e-03  7.02935824e-01
  8.90020390e-01  2.57519148e-03  7.05511016e-01
  8.91019757e-01  2.51289915e-03  7.08023915e-01
  8.92019123e-01  2.55266021e-03  7.10576575e-01
  8.93018490e-01  2.72363278e-03  7.13300208e-01
  8.94017857e-01  2.67989561e-03  7.15980104e-01
  8.95017223e-01  2.65338824e-03  7.18633492e-01
  8.96016590e-01  2.57254075e-03  7.21206033e-01
  8.97015956e-01  2.65206287e-03  7.23858095e-01
  8.98015323e-01  2.62157939e-03  7.26479675e-01
  8.99014690e-01  2.61892865e-03  7.29098603e-01
  9.00014056e-01  2.62290476e-03  7.31721508e-01
  9.01013423e-01  2.68652246e-03  7.34408031e-01
  9.02012790e-01  2.69845078e-03  7.37106481e-01
  9.03012156e-01  2.60434960e-03  7.39710831e-01
  9.04011523e-01  2.64676140e-03  7.42357592e-01
  9.05010889e-01  2.76206848e-03  7.45119661e-01
  9.06010256e-01  2.68122098e-03  7.47800882e-01
  9.07009623e-01  2.67591951e-03  7.50476801e-01
  9.08008989e-01  2.63085697e-03  7.53107658e-01
  9.09008356e-01  2.69049856e-03  7.55798157e-01
  9.10007723e-01  2.77267143e-03  7.58570828e-01
  9.11007089e-01  2.66531656e-03  7.61236145e-01
  9.12006456e-01  2.84291597e-03  7.64079061e-01
  9.13005822e-01  2.65073750e-03  7.66729798e-01
  9.14005189e-01  2.58711980e-03  7.69316918e-01
  9.15004556e-01  2.79785343e-03  7.72114772e-01
  9.16003922e-01  2.63085697e-03  7.74745629e-01
  9.17003289e-01  2.76869532e-03  7.77514324e-01
  9.18002656e-01  2.77267143e-03  7.80286995e-01
  9.19002022e-01  2.68784783e-03  7.82974843e-01
  9.20001389e-01  2.54735874e-03  7.85522202e-01
  9.21000755e-01  2.69182393e-03  7.88214026e-01
  9.22000122e-01  2.64543603e-03  7.90859462e-01
  9.22999489e-01  2.53940653e-03  7.93398868e-01
  9.23998855e-01  2.56193780e-03  7.95960806e-01
  9.24998222e-01  2.61760328e-03  7.98578409e-01
  9.25997589e-01  2.71037910e-03  8.01288789e-01
  9.26996955e-01  2.68784783e-03  8.03976636e-01
  9.27996322e-01  2.61760328e-03  8.06594240e-01
  9.28995688e-01  2.69580004e-03  8.09290040e-01
  9.29995055e-01  2.56989001e-03  8.11859930e-01
  9.30994422e-01  2.66001508e-03  8.14519945e-01
  9.31993788e-01  2.59772275e-03  8.17117668e-01
  9.32993155e-01  2.61230181e-03  8.19729969e-01
  9.33992522e-01  2.55928706e-03  8.22289256e-01
  9.34991888e-01  2.46120977e-03  8.24750466e-01
  9.35991255e-01  2.54470800e-03  8.27295174e-01
  9.36990621e-01  2.52880358e-03  8.29823978e-01
  9.37989988e-01  2.49301862e-03  8.32316996e-01
  9.38989355e-01  2.41747260e-03  8.34734469e-01
  9.39988721e-01  2.51554989e-03  8.37250019e-01
  9.40988088e-01  2.49964546e-03  8.39749664e-01
  9.41987455e-01  2.39229060e-03  8.42141955e-01
  9.42986821e-01  2.38698912e-03  8.44528944e-01
  9.43986188e-01  2.41349650e-03  8.46942441e-01
  9.44985554e-01  2.34722806e-03  8.49289669e-01
  9.45984921e-01  2.37506080e-03  8.51664729e-01
  9.46984288e-01  2.27035667e-03  8.53935086e-01
  9.47983654e-01  2.30481626e-03  8.56239902e-01
  9.48983021e-01  2.20541360e-03  8.58445316e-01
  9.49982388e-01  2.22396876e-03  8.60669285e-01
  9.50981754e-01  2.24915077e-03  8.62918435e-01
  9.51981121e-01  2.27830888e-03  8.65196744e-01
  9.52980487e-01  2.19215991e-03  8.67388904e-01
  9.53979854e-01  2.21601655e-03  8.69604921e-01
  9.54979221e-01  2.16035106e-03  8.71765272e-01
  9.55978587e-01  2.14444664e-03  8.73909719e-01
  9.56977954e-01  2.14312127e-03  8.76052840e-01
  9.57977321e-01  2.06227378e-03  8.78115114e-01
  9.58976687e-01  2.08480504e-03  8.80199919e-01
  9.59976054e-01  2.13384369e-03  8.82333762e-01
  9.60975420e-01  2.02781419e-03  8.84361576e-01
  9.61974787e-01  2.04371861e-03  8.86405295e-01
  9.62974154e-01  2.04769472e-03  8.88452990e-01
  9.63973520e-01  2.00130681e-03  8.90454297e-01
  9.64972887e-01  1.98672776e-03  8.92441024e-01
  9.65972253e-01  1.95226817e-03  8.94393293e-01
  9.66971620e-01  1.96684723e-03  8.96360140e-01
  9.67970987e-01  1.87009531e-03  8.98230235e-01
  9.68970353e-01  1.92045932e-03  9.00150694e-01
  9.69969720e-01  1.90720563e-03  9.02057900e-01
  9.70969087e-01  1.88732510e-03  9.03945225e-01
  9.71968453e-01  1.78129560e-03  9.05726521e-01
  9.72967820e-01  1.81177908e-03  9.07538300e-01
  9.73967186e-01  1.72297938e-03  9.09261279e-01
  9.74966553e-01  1.70840032e-03  9.10969680e-01
  9.75965920e-01  1.66863926e-03  9.12638319e-01
  9.76965286e-01  1.68056758e-03  9.14318886e-01
  9.77964653e-01  1.57718881e-03  9.15896075e-01
  9.78964020e-01  1.63417967e-03  9.17530255e-01
  9.79963386e-01  1.63285430e-03  9.19163109e-01
  9.80962753e-01  1.56526049e-03  9.20728370e-01
  9.81962119e-01  1.55598291e-03  9.22284353e-01
  9.82961486e-01  1.53477701e-03  9.23819130e-01
  9.83960853e-01  1.55598291e-03  9.25375112e-01
  9.84960219e-01  1.47513542e-03  9.26850248e-01
  9.85959586e-01  1.49103984e-03  9.28341288e-01
  9.86958953e-01  1.53610238e-03  9.29877390e-01
  9.87958319e-01  1.42344604e-03  9.31300836e-01
  9.88957686e-01  1.43669973e-03  9.32737536e-01
  9.89957052e-01  1.43537436e-03  9.34172910e-01
  9.90956419e-01  1.36778055e-03  9.35540691e-01
  9.91955786e-01  1.34657465e-03  9.36887265e-01
  9.92955152e-01  1.38235961e-03  9.38269625e-01
  9.93954519e-01  1.23656904e-03  9.39506194e-01
  9.94953886e-01  1.28693306e-03  9.40793127e-01
  9.95953252e-01  1.27765548e-03  9.42070783e-01
  9.96952619e-01  1.25512421e-03  9.43325907e-01
  9.97951985e-01  1.18753040e-03  9.44513437e-01
  9.98951352e-01  1.23921978e-03  9.45752657e-01
  9.99950719e-01  1.18355429e-03  9.46936211e-01
  1.00095009e+00  1.20741093e-03  9.48143622e-01
  1.00194945e+00  1.21536314e-03  9.49358985e-01
  1.00294882e+00  1.13451565e-03  9.50493501e-01
  1.00394819e+00  1.06957258e-03  9.51563074e-01
  1.00494755e+00  1.03511299e-03  9.52598187e-01
  1.00594692e+00  1.06692184e-03  9.53665108e-01
  1.00694629e+00  1.13053954e-03  9.54795648e-01
  1.00794565e+00  1.09873069e-03  9.55894379e-01
  1.00894502e+00  9.43662551e-04  9.56838041e-01
  1.00994438e+00  9.79447507e-04  9.57817489e-01
  1.01094375e+00  1.00993099e-03  9.58827420e-01
  1.01194312e+00  9.92701194e-04  9.59820121e-01
  1.01294248e+00  9.35710338e-04  9.60755831e-01
  1.01394185e+00  9.23782019e-04  9.61679613e-01
  1.01494122e+00  9.22456651e-04  9.62602070e-01
  1.01594058e+00  8.77394113e-04  9.63479464e-01
  1.01693995e+00  8.99925382e-04  9.64379389e-01
  1.01793932e+00  8.36307682e-04  9.65215697e-01
  1.01893868e+00  8.29680838e-04  9.66045378e-01
  1.01993805e+00  8.21728625e-04  9.66867107e-01
  1.02093742e+00  7.40881132e-04  9.67607988e-01
  1.02193678e+00  7.95221250e-04  9.68403209e-01
  1.02293615e+00  7.24976707e-04  9.69128186e-01
  1.02393552e+00  7.31603550e-04  9.69859789e-01
  1.02493488e+00  7.40881132e-04  9.70600670e-01
  1.02593425e+00  7.46182607e-04  9.71346853e-01
  1.02693362e+00  6.87866382e-04  9.72034719e-01
  1.02793298e+00  7.11723019e-04  9.72746442e-01
  1.02893235e+00  6.87866382e-04  9.73434309e-01
  1.02993172e+00  6.12320363e-04  9.74046629e-01
  1.03093108e+00  7.11723019e-04  9.74758352e-01
  1.03193045e+00  6.12320363e-04  9.75370673e-01
  1.03292982e+00  6.90517119e-04  9.76061190e-01
  1.03392918e+00  5.95090569e-04  9.76656280e-01
  1.03492855e+00  6.14971100e-04  9.77271251e-01
  1.03592792e+00  6.13645732e-04  9.77884897e-01
  1.03692728e+00  5.23520657e-04  9.78408418e-01
  1.03792665e+00  5.59305613e-04  9.78967723e-01
  1.03892602e+00  5.67257825e-04  9.79534981e-01
  1.03992538e+00  5.03640125e-04  9.80038621e-01
  1.04092475e+00  4.91711807e-04  9.80530333e-01
  1.04192412e+00  4.67855169e-04  9.80998188e-01
  1.04292348e+00  4.85084963e-04  9.81483273e-01
  1.04392285e+00  5.43401188e-04  9.82026674e-01
  1.04492222e+00  5.16893813e-04  9.82543568e-01
  1.04592158e+00  4.25443369e-04  9.82969012e-01
  1.04692095e+00  3.97610625e-04  9.83366622e-01
  1.04792032e+00  4.37371688e-04  9.83803994e-01
  1.04891968e+00  4.32070213e-04  9.84236064e-01
  1.04991905e+00  4.43998531e-04  9.84680063e-01
  1.05091842e+00  3.93634519e-04  9.85073697e-01
  1.05191778e+00  3.83031569e-04  9.85456729e-01
  1.05291715e+00  3.71103250e-04  9.85827832e-01
  1.05391652e+00  3.20739238e-04  9.86148571e-01
  1.05491588e+00  4.14840419e-04  9.86563412e-01
  1.05591525e+00  3.56524194e-04  9.86919936e-01
  1.05691462e+00  3.39294400e-04  9.87259230e-01
  1.05791398e+00  3.40619769e-04  9.87599850e-01
  1.05891335e+00  3.47246613e-04  9.87947097e-01
  1.05991272e+00  3.16763131e-04  9.88263860e-01
  1.06091208e+00  3.43270506e-04  9.88607130e-01
  1.06191145e+00  3.24715344e-04  9.88931846e-01
  1.06291082e+00  2.90255756e-04  9.89222101e-01
  1.06391018e+00  3.23389975e-04  9.89545491e-01
  1.06490955e+00  2.90255756e-04  9.89835747e-01
  1.06590892e+00  2.77002069e-04  9.90112749e-01
  1.06690828e+00  2.71700594e-04  9.90384450e-01
  1.06790765e+00  3.00858706e-04  9.90685308e-01
  1.06890702e+00  2.46518588e-04  9.90931827e-01
  1.06990638e+00  2.51820063e-04  9.91183647e-01
  1.07090575e+00  2.61097644e-04  9.91444745e-01
  1.07190512e+00  2.34590269e-04  9.91679335e-01
  1.07290448e+00  2.54470800e-04  9.91933806e-01
  1.07390385e+00  2.38566375e-04  9.92172372e-01
  1.07490322e+00  2.34590269e-04  9.92406962e-01
  1.07590258e+00  2.20011213e-04  9.92626974e-01
  1.07690195e+00  2.13384369e-04  9.92840358e-01
  1.07790132e+00  2.27963425e-04  9.93068321e-01
  1.07890068e+00  2.45193219e-04  9.93313515e-01
  1.07990005e+00  2.04106788e-04  9.93517621e-01
  1.08089942e+00  1.78924781e-04  9.93696546e-01
  1.08189878e+00  1.76274044e-04  9.93872820e-01
  1.08289815e+00  1.82900888e-04  9.94055721e-01
  1.08389752e+00  1.81575519e-04  9.94237297e-01
  1.08489688e+00  1.49766669e-04  9.94387063e-01
  1.08589625e+00  1.88202363e-04  9.94575266e-01
  1.08689561e+00  1.47115931e-04  9.94722382e-01
  1.08789498e+00  1.65671094e-04  9.94888053e-01
  1.08889435e+00  1.65671094e-04  9.95053724e-01
  1.08989371e+00  1.33862244e-04  9.95187586e-01
  1.09089308e+00  1.28560769e-04  9.95316147e-01
  1.09189245e+00  1.31211506e-04  9.95447358e-01
  1.09289181e+00  1.44465194e-04  9.95591824e-01
  1.09389118e+00  1.36512981e-04  9.95728337e-01
  1.09489055e+00  1.15307081e-04  9.95843644e-01
  1.09588991e+00  1.39163719e-04  9.95982807e-01
  1.09688928e+00  1.15307081e-04  9.96098114e-01
  1.09788865e+00  1.35187613e-04  9.96233302e-01
  1.09888801e+00  1.08680238e-04  9.96341982e-01
  1.09988738e+00  9.94026563e-05  9.96441385e-01
  1.10088675e+00  1.23259294e-04  9.96564644e-01
  1.10188611e+00  1.04704131e-04  9.96669348e-01
  1.10288548e+00  9.27758126e-05  9.96762124e-01
  1.10388485e+00  9.80772876e-05  9.96860201e-01
  1.10488421e+00  7.42206500e-05  9.96934422e-01
  1.10588358e+00  9.94026563e-05  9.97033825e-01
  1.10688295e+00  7.68713875e-05  9.97110696e-01
  1.10788231e+00  7.15699125e-05  9.97182266e-01
  1.10888168e+00  8.08474938e-05  9.97263114e-01
  1.10988105e+00  7.02445438e-05  9.97333358e-01
  1.11088041e+00  8.34982313e-05  9.97416856e-01
  1.11187978e+00  7.28952813e-05  9.97489752e-01
  1.11287915e+00  9.27758126e-05  9.97582527e-01
  1.11387851e+00  7.02445438e-05  9.97652772e-01
  1.11487788e+00  6.36177000e-05  9.97716390e-01
  1.11587725e+00  7.81967563e-05  9.97794586e-01
  1.11687661e+00  6.62684375e-05  9.97860855e-01
  1.11787598e+00  8.61489688e-05  9.97947004e-01
  1.11887535e+00  4.77132750e-05  9.97994717e-01
  1.11987471e+00  5.56654875e-05  9.98050383e-01
  1.12087408e+00  5.69908563e-05  9.98107373e-01
  1.12187345e+00  4.90386438e-05  9.98156412e-01
  1.12287281e+00  4.50625375e-05  9.98201475e-01
  1.12387218e+00  5.69908563e-05  9.98258465e-01
  1.12487155e+00  4.77132750e-05  9.98306179e-01
  1.12587091e+00  5.83162250e-05  9.98364495e-01
  1.12687028e+00  3.57849563e-05  9.98400280e-01
  1.12786965e+00  4.77132750e-05  9.98447993e-01
  1.12886901e+00  5.43401188e-05  9.98502333e-01
  1.12986838e+00  4.37371688e-05  9.98546070e-01
  1.13086775e+00  4.63879063e-05  9.98592458e-01
  1.13186711e+00  4.50625375e-05  9.98637521e-01
  1.13286648e+00  3.97610625e-05  9.98677282e-01
  1.13386585e+00  3.97610625e-05  9.98717043e-01
  1.13486521e+00  4.50625375e-05  9.98762106e-01
  1.13586458e+00  5.03640125e-05  9.98812470e-01
  1.13686395e+00  3.84356938e-05  9.98850905e-01
  1.13786331e+00  5.03640125e-05  9.98901269e-01
  1.13886268e+00  3.31342188e-05  9.98934404e-01
  1.13986205e+00  2.51820063e-05  9.98959586e-01
  1.14086141e+00  4.90386438e-05  9.99008624e-01
  1.14186078e+00  2.91581125e-05  9.99037782e-01
  1.14286015e+00  3.18088500e-05  9.99069591e-01
  1.14385951e+00  1.85551625e-05  9.99088146e-01
  1.14485888e+00  2.38566375e-05  9.99112003e-01
  1.14585825e+00  2.91581125e-05  9.99141161e-01
  1.14685761e+00  2.65073750e-05  9.99167668e-01
  1.14785698e+00  2.38566375e-05  9.99191525e-01
  1.14885635e+00  2.12059000e-05  9.99212731e-01
  1.14985571e+00  1.85551625e-05  9.99231286e-01
  1.15085508e+00  2.91581125e-05  9.99260444e-01
  1.15185445e+00  2.91581125e-05  9.99289602e-01
  1.15285381e+00  1.72297938e-05  9.99306832e-01
  1.15385318e+00  1.98805313e-05  9.99326713e-01
  1.15485255e+00  3.04834813e-05  9.99357196e-01
  1.15585191e+00  1.72297938e-05  9.99374426e-01
  1.15685128e+00  2.12059000e-05  9.99395632e-01
  1.15785065e+00  2.12059000e-05  9.99416838e-01
  1.15885001e+00  1.72297938e-05  9.99434068e-01
  1.15984938e+00  1.98805313e-05  9.99453948e-01
  1.16084875e+00  1.06029500e-05  9.99464551e-01
  1.16184811e+00  1.72297938e-05  9.99481781e-01
  1.16284748e+00  1.72297938e-05  9.99499011e-01
  1.16384684e+00  1.72297938e-05  9.99516240e-01
  1.16484621e+00  2.91581125e-05  9.99545399e-01
  1.16584558e+00  1.06029500e-05  9.99556001e-01
  1.16684494e+00  1.19283188e-05  9.99567930e-01
  1.16784431e+00  1.32536875e-05  9.99581183e-01
  1.16884368e+00  1.45790563e-05  9.99595763e-01
  1.16984304e+00  2.12059000e-05  9.99616968e-01
  1.17084241e+00  1.72297938e-05  9.99634198e-01
  1.17184178e+00  1.85551625e-05  9.99652753e-01
  1.17284114e+00  1.32536875e-05  9.99666007e-01
  1.17384051e+00  1.45790563e-05  9.99680586e-01
  1.17483988e+00  1.06029500e-05  9.99691189e-01
  1.17583924e+00  2.65073750e-06  9.99693840e-01
  1.17683861e+00  1.32536875e-05  9.99707094e-01
  1.17783798e+00  1.06029500e-05  9.99717696e-01
  1.17883734e+00  9.27758126e-06  9.99726974e-01
  1.17983671e+00  7.95221250e-06  9.99734926e-01
  1.18083608e+00  9.27758126e-06  9.99744204e-01
  1.18183544e+00  1.06029500e-05  9.99754807e-01
  1.18283481e+00  1.06029500e-05  9.99765410e-01
  1.18383418e+00  1.32536875e-06  9.99766735e-01
  1.18483354e+00  6.62684375e-06  9.99773362e-01
  1.18583291e+00  6.62684375e-06  9.99779989e-01
  1.18683228e+00  5.30147500e-06  9.99785290e-01
  1.18783164e+00  0.00000000e+00  9.99785290e-01
  1.18883101e+00  2.65073750e-06  9.99787941e-01
  1.18983038e+00  7.95221250e-06  9.99795893e-01
  1.19082974e+00  5.30147500e-06  9.99801195e-01
  1.19182911e+00  1.32536875e-05  9.99814448e-01
  1.19282848e+00  5.30147500e-06  9.99819750e-01
  1.19382784e+00  7.95221250e-06  9.99827702e-01
  1.19482721e+00  6.62684375e-06  9.99834329e-01
  1.19582658e+00  5.30147500e-06  9.99839630e-01
  1.19682594e+00  1.32536875e-06  9.99840956e-01
  1.19782531e+00  5.30147500e-06  9.99846257e-01
  1.19882468e+00  1.32536875e-06  9.99847583e-01
  1.19982404e+00  5.30147500e-06  9.99852884e-01
  1.20082341e+00  5.30147500e-06  9.99858186e-01
  1.20182278e+00  7.95221250e-06  9.99866138e-01
  1.20282214e+00  1.32536875e-06  9.99867463e-01
  1.20382151e+00  1.32536875e-06  9.99868788e-01
  1.20482088e+00  5.30147500e-06  9.99874090e-01
  1.20582024e+00  0.00000000e+00  9.99874090e-01
  1.20681961e+00  1.32536875e-06  9.99875415e-01
  1.20781898e+00  1.32536875e-06  9.99876741e-01
  1.20881834e+00  2.65073750e-06  9.99879391e-01
  1.20981771e+00  2.65073750e-06  9.99882042e-01
  1.21081708e+00  1.32536875e-06  9.99883368e-01
  1.21181644e+00  2.65073750e-06  9.99886018e-01
  1.21281581e+00  1.32536875e-06  9.99887344e-01
  1.21381518e+00  2.65073750e-06  9.99889994e-01
  1.21481454e+00  5.30147500e-06  9.99895296e-01
  1.21581391e+00  0.00000000e+00  9.99895296e-01
  1.21681328e+00  5.30147500e-06  9.99900597e-01
  1.21781264e+00  5.30147500e-06  9.99905899e-01
  1.21881201e+00  5.30147500e-06  9.99911200e-01
  1.21981138e+00  0.00000000e+00  9.99911200e-01
  1.22081074e+00  0.00000000e+00  9.99911200e-01
  1.22181011e+00  6.62684375e-06  9.99917827e-01
  1.22280948e+00  5.30147500e-06  9.99923129e-01
  1.22380884e+00  2.65073750e-06  9.99925779e-01
  1.22480821e+00  2.65073750e-06  9.99928430e-01
  1.22580758e+00  1.32536875e-06  9.99929755e-01
  1.22680694e+00  2.65073750e-06  9.99932406e-01
  1.22780631e+00  2.65073750e-06  9.99935057e-01
  1.22880568e+00  3.97610625e-06  9.99939033e-01
  1.22980504e+00  1.32536875e-06  9.99940358e-01
  1.23080441e+00  0.00000000e+00  9.99940358e-01
  1.23180378e+00  2.65073750e-06  9.99943009e-01
  1.23280314e+00  0.00000000e+00  9.99943009e-01
  1.23380251e+00  2.65073750e-06  9.99945660e-01
  1.23480188e+00  2.65073750e-06  9.99948311e-01
  1.23580124e+00  2.65073750e-06  9.99950961e-01
  1.23680061e+00  0.00000000e+00  9.99950961e-01
  1.23779998e+00  1.32536875e-06  9.99952287e-01
  1.23879934e+00  1.32536875e-06  9.99953612e-01
  1.23979871e+00  3.97610625e-06  9.99957588e-01
  1.24079807e+00  1.32536875e-06  9.99958914e-01
  1.24179744e+00  1.32536875e-06  9.99960239e-01
  1.24279681e+00  1.32536875e-06  9.99961564e-01
  1.24379617e+00  2.65073750e-06  9.99964215e-01
  1.24479554e+00  5.30147500e-06  9.99969517e-01
  1.24579491e+00  2.65073750e-06  9.99972167e-01
  1.24679427e+00  2.65073750e-06  9.99974818e-01
  1.24779364e+00  1.32536875e-06  9.99976143e-01
  1.24879301e+00  1.32536875e-06  9.99977469e-01
  1.24979237e+00  3.97610625e-06  9.99981445e-01
  1.25079174e+00  1.32536875e-06  9.99982770e-01
  1.25179111e+00  0.00000000e+00  9.99982770e-01
  1.25279047e+00  0.00000000e+00  9.99982770e-01
  1.25378984e+00  1.32536875e-06  9.99984096e-01
  1.25478921e+00  0.00000000e+00  9.99984096e-01
  1.25578857e+00  0.00000000e+00  9.99984096e-01
  1.25678794e+00  0.00000000e+00  9.99984096e-01
  1.25778731e+00  0.00000000e+00  9.99984096e-01
  1.25878667e+00  1.32536875e-06  9.99985421e-01
  1.25978604e+00  1.32536875e-06  9.99986746e-01
  1.26078541e+00  1.32536875e-06  9.99988072e-01
  1.26178477e+00  0.00000000e+00  9.99988072e-01
  1.26278414e+00  0.00000000e+00  9.99988072e-01
  1.26378351e+00  0.00000000e+00  9.99988072e-01
  1.26478287e+00  0.00000000e+00  9.99988072e-01
  1.26578224e+00  1.32536875e-06  9.99989397e-01
  1.26678161e+00  0.00000000e+00  9.99989397e-01
  1.26778097e+00  0.00000000e+00  9.99989397e-01
  1.26878034e+00  1.32536875e-06  9.99990722e-01
  1.26977971e+00  0.00000000e+00  9.99990722e-01
  1.27077907e+00  1.32536875e-06  9.99992048e-01
  1.27177844e+00  0.00000000e+00  9.99992048e-01
  1.27277781e+00  0.00000000e+00  9.99992048e-01
  1.27377717e+00  1.32536875e-06  9.99993373e-01
  1.27477654e+00  0.00000000e+00  9.99993373e-01
  1.27577591e+00  1.32536875e-06  9.99994699e-01
  1.27677527e+00  0.00000000e+00  9.99994699e-01
  1.27777464e+00  0.00000000e+00  9.99994699e-01
  1.27877401e+00  1.32536875e-06  9.99996024e-01
  1.27977337e+00  0.00000000e+00  9.99996024e-01
  1.28077274e+00  0.00000000e+00  9.99996024e-01
  1.28177211e+00  0.00000000e+00  9.99996024e-01
  1.28277147e+00  0.00000000e+00  9.99996024e-01
  1.28377084e+00  0.00000000e+00  9.99996024e-01
  1.28477021e+00  0.00000000e+00  9.99996024e-01
  1.28576957e+00  0.00000000e+00  9.99996024e-01
  1.28676894e+00  0.00000000e+00  9.99996024e-01
  1.28776831e+00  0.00000000e+00  9.99996024e-01
  1.28876767e+00  0.00000000e+00  9.99996024e-01
  1.28976704e+00  0.00000000e+00  9.99996024e-01
  1.29076641e+00  0.00000000e+00  9.99996024e-01
  1.29176577e+00  0.00000000e+00  9.99996024e-01
  1.29276514e+00  0.00000000e+00  9.99996024e-01
  1.29376451e+00  0.00000000e+00  9.99996024e-01
  1.29476387e+00  0.00000000e+00  9.99996024e-01
  1.29576324e+00  0.00000000e+00  9.99996024e-01
  1.29676261e+00  1.32536875e-06  9.99997349e-01
  1.29776197e+00  0.00000000e+00  9.99997349e-01
  1.29876134e+00  0.00000000e+00  9.99997349e-01
  1.29976071e+00  0.00000000e+00  9.99997349e-01
  1.30076007e+00  0.00000000e+00  9.99997349e-01
  1.30175944e+00  0.00000000e+00  9.99997349e-01
  1.30275881e+00  0.00000000e+00  9.99997349e-01
  1.30375817e+00  0.00000000e+00  9.99997349e-01
  1.30475754e+00  0.00000000e+00  9.99997349e-01
  1.30575691e+00  0.00000000e+00  9.99997349e-01
  1.30675627e+00  0.00000000e+00  9.99997349e-01
  1.30775564e+00  0.00000000e+00  9.99997349e-01
  1.30875501e+00  0.00000000e+00  9.99997349e-01
  1.30975437e+00  0.00000000e+00  9.99997349e-01
  1.31075374e+00  0.00000000e+00  9.99997349e-01
  1.31175311e+00  0.00000000e+00  9.99997349e-01
  1.31275247e+00  0.00000000e+00  9.99997349e-01
  1.31375184e+00  0.00000000e+00  9.99997349e-01
  1.31475121e+00  0.00000000e+00  9.99997349e-01
  1.31575057e+00  0.00000000e+00  9.99997349e-01
  1.31674994e+00  0.00000000e+00  9.99997349e-01
  1.31774930e+00  0.00000000e+00  9.99997349e-01
  1.31874867e+00  0.00000000e+00  9.99997349e-01
  1.31974804e+00  0.00000000e+00  9.99997349e-01
  1.32074740e+00  0.00000000e+00  9.99997349e-01
  1.32174677e+00  0.00000000e+00  9.99997349e-01
  1.32274614e+00  0.00000000e+00  9.99997349e-01
  1.32374550e+00  1.32536875e-06  9.99998675e-01
  1.32474487e+00  0.00000000e+00  9.99998675e-01
  1.32574424e+00  0.00000000e+00  9.99998675e-01
  1.32674360e+00  0.00000000e+00  9.99998675e-01
  1.32774297e+00  0.00000000e+00  9.99998675e-01
  1.32874234e+00  0.00000000e+00  9.99998675e-01
  1.32974170e+00  0.00000000e+00  9.99998675e-01
  1.33074107e+00  0.00000000e+00  9.99998675e-01
  1.33174044e+00  0.00000000e+00  9.99998675e-01
  1.33273980e+00  0.00000000e+00  9.99998675e-01
  1.33373917e+00  0.00000000e+00  9.99998675e-01
  1.33473854e+00  0.00000000e+00  9.99998675e-01
  1.33573790e+00  0.00000000e+00  9.99998675e-01
  1.33673727e+00  0.00000000e+00  9.99998675e-01
  1.33773664e+00  0.00000000e+00  9.99998675e-01
  1.33873600e+00  0.00000000e+00  9.99998675e-01
  1.33973537e+00  0.00000000e+00  9.99998675e-01
  1.34073474e+00  0.00000000e+00  9.99998675e-01
  1.34173410e+00  0.00000000e+00  9.99998675e-01
  1.34273347e+00  0.00000000e+00  9.99998675e-01
  1.34373284e+00  0.00000000e+00  9.99998675e-01
  1.34473220e+00  0.00000000e+00  9.99998675e-01
  1.34573157e+00  0.00000000e+00  9.99998675e-01
  1.34673094e+00  0.00000000e+00  9.99998675e-01
  1.34773030e+00  0.00000000e+00  9.99998675e-01
  1.34872967e+00  0.00000000e+00  9.99998675e-01
  1.34972904e+00  0.00000000e+00  9.99998675e-01
  1.35072840e+00  1.32536875e-06  1.00000000e+00
  1.35172777e+00  0.00000000e+00  1.00000000e+00
  1.35272714e+00  0.00000000e+00  1.00000000e+00
  1.35372650e+00  0.00000000e+00  1.00000000e+00
  1.35472587e+00  0.00000000e+00  1.00000000e+00
  1.35572524e+00  0.00000000e+00  1.00000000e+00
